  2.000000000000000E-003  2.000000000000000E-003 -0.151428984861478     
  2.000000000000000E-003  0.298270416666667      -0.160003204646221     
  2.000000000000000E-003  0.594540833333333      -0.164303673100655     
  2.000000000000000E-003  0.890811250000000      -0.163810160503828     
  2.000000000000000E-003   1.18708166666667      -0.162263780041090     
  2.000000000000000E-003   1.48335208333333      -0.160650695658524     
  2.000000000000000E-003   1.77962250000000      -0.158839175030576     
  2.000000000000000E-003   2.07589291666667      -0.156578135480150     
  2.000000000000000E-003   2.37216333333333      -0.153707331841821     
  2.000000000000000E-003   2.66843375000000      -0.150166256007007     
  2.000000000000000E-003   2.96470416666667      -0.145810400636702     
  2.000000000000000E-003   3.26097458333333      -0.140616466715579     
  2.000000000000000E-003   3.55724500000000      -0.134660419421201     
  2.000000000000000E-003   3.85351541666667      -0.128107838146771     
  2.000000000000000E-003   4.14978583333333      -0.121214491650902     
  2.000000000000000E-003   4.44605625000000      -0.114289329383675     
  2.000000000000000E-003   4.74232666666667      -0.107641571643447     
  2.000000000000000E-003   5.03859708333333      -0.101526840483495     
  2.000000000000000E-003   5.33486750000000      -9.613000514274767E-002
  2.000000000000000E-003   5.63113791666667      -9.169904565611033E-002
  2.000000000000000E-003   5.92740833333333      -8.841068653497175E-002
  2.000000000000000E-003   6.22367875000000      -8.620197661832246E-002
  2.000000000000000E-003   6.51994916666667      -8.445978527932450E-002
  2.000000000000000E-003   6.81621958333333      -8.121136895711853E-002
  2.000000000000000E-003   7.11249000000000      -7.564572268961328E-002
  0.298270416666667       2.000000000000000E-003 -0.162952918328271     
  0.298270416666667       0.298270416666667      -0.170037462611457     
  0.298270416666667       0.594540833333333      -0.176802530547102     
  0.298270416666667       0.890811250000000      -0.178059520753815     
  0.298270416666667        1.18708166666667      -0.177790073972629     
  0.298270416666667        1.48335208333333      -0.177149527936837     
  0.298270416666667        1.77962250000000      -0.175970738449516     
  0.298270416666667        2.07589291666667      -0.173958441837608     
  0.298270416666667        2.37216333333333      -0.170937246242486     
  0.298270416666667        2.66843375000000      -0.166782411612181     
  0.298270416666667        2.96470416666667      -0.161416204348858     
  0.298270416666667        3.26097458333333      -0.154918885307574     
  0.298270416666667        3.55724500000000      -0.147489705382927     
  0.298270416666667        3.85351541666667      -0.139416937374342     
  0.298270416666667        4.14978583333333      -0.131053115401134     
  0.298270416666667        4.44605625000000      -0.122768356882727     
  0.298270416666667        4.74232666666667      -0.114900001127835     
  0.298270416666667        5.03859708333333      -0.107709141114797     
  0.298270416666667        5.33486750000000      -0.101323780926906     
  0.298270416666667        5.63113791666667      -9.603199738404275E-002
  0.298270416666667        5.92740833333333      -9.215862758905657E-002
  0.298270416666667        6.22367875000000      -8.989146483012353E-002
  0.298270416666667        6.51994916666667      -8.873603266782186E-002
  0.298270416666667        6.81621958333333      -8.591132878716293E-002
  0.298270416666667        7.11249000000000      -7.921468696573995E-002
  0.594540833333333       2.000000000000000E-003 -0.173667259851881     
  0.594540833333333       0.298270416666667      -0.180207673263984     
  0.594540833333333       0.594540833333333      -0.187006961907696     
  0.594540833333333       0.890811250000000      -0.191662237525228     
  0.594540833333333        1.18708166666667      -0.194398011423305     
  0.594540833333333        1.48335208333333      -0.195724276145337     
  0.594540833333333        1.77962250000000      -0.195646702648518     
  0.594540833333333        2.07589291666667      -0.194058746389322     
  0.594540833333333        2.37216333333333      -0.190854225093214     
  0.594540833333333        2.66843375000000      -0.185911720063965     
  0.594540833333333        2.96470416666667      -0.179265472367135     
  0.594540833333333        3.26097458333333      -0.171133813915164     
  0.594540833333333        3.55724500000000      -0.161870921788674     
  0.594540833333333        3.85351541666667      -0.151920332972289     
  0.594540833333333        4.14978583333333      -0.141757131258588     
  0.594540833333333        4.44605625000000      -0.131821675848457     
  0.594540833333333        4.74232666666667      -0.122472320249172     
  0.594540833333333        5.03859708333333      -0.113967975581556     
  0.594540833333333        5.33486750000000      -0.106390892991376     
  0.594540833333333        5.63113791666667      -9.998135705552900E-002
  0.594540833333333        5.92740833333333      -9.510417144303325E-002
  0.594540833333333        6.22367875000000      -9.195597840437629E-002
  0.594540833333333        6.51994916666667      -8.991414833076314E-002
  0.594540833333333        6.81621958333333      -8.656269802816151E-002
  0.594540833333333        7.11249000000000      -7.991298753062281E-002
  0.890811250000000       2.000000000000000E-003 -0.185362686234629     
  0.890811250000000       0.298270416666667      -0.193566073098829     
  0.890811250000000       0.594540833333333      -0.201656433515575     
  0.890811250000000       0.890811250000000      -0.208998070590666     
  0.890811250000000        1.18708166666667      -0.214586712407359     
  0.890811250000000        1.48335208333333      -0.217987078800210     
  0.890811250000000        1.77962250000000      -0.219054416274295     
  0.890811250000000        2.07589291666667      -0.217818482125371     
  0.890811250000000        2.37216333333333      -0.214213109635560     
  0.890811250000000        2.66843375000000      -0.208184380466248     
  0.890811250000000        2.96470416666667      -0.199905583985433     
  0.890811250000000        3.26097458333333      -0.189738772602156     
  0.890811250000000        3.55724500000000      -0.178206292949423     
  0.890811250000000        3.85351541666667      -0.165942308892660     
  0.890811250000000        4.14978583333333      -0.153585337970194     
  0.890811250000000        4.44605625000000      -0.141660884753081     
  0.890811250000000        4.74232666666667      -0.130534003830437     
  0.890811250000000        5.03859708333333      -0.120434111366201     
  0.890811250000000        5.33486750000000      -0.111449348975408     
  0.890811250000000        5.63113791666667      -0.103680286855001     
  0.890811250000000        5.92740833333333      -9.744197580114727E-002
  0.890811250000000        6.22367875000000      -9.281789199980482E-002
  0.890811250000000        6.51994916666667      -8.920056452580964E-002
  0.890811250000000        6.81621958333333      -8.506129848616550E-002
  0.890811250000000        7.11249000000000      -7.941158295589631E-002
   1.18708166666667       2.000000000000000E-003 -0.198830194430533     
   1.18708166666667       0.298270416666667      -0.210233001991571     
   1.18708166666667       0.594540833333333      -0.221338128146022     
   1.18708166666667       0.890811250000000      -0.231601473200189     
   1.18708166666667        1.18708166666667      -0.239834445298979     
   1.18708166666667        1.48335208333333      -0.245165989922560     
   1.18708166666667        1.77962250000000      -0.247287042897795     
   1.18708166666667        2.07589291666667      -0.246229204024338     
   1.18708166666667        2.37216333333333      -0.241934576368889     
   1.18708166666667        2.66843375000000      -0.234485833420064     
   1.18708166666667        2.96470416666667      -0.224182272182493     
   1.18708166666667        3.26097458333333      -0.211488458636951     
   1.18708166666667        3.55724500000000      -0.197091905798453     
   1.18708166666667        3.85351541666667      -0.181900843704795     
   1.18708166666667        4.14978583333333      -0.166819812935518     
   1.18708166666667        4.44605625000000      -0.152485572812978     
   1.18708166666667        4.74232666666667      -0.139233434046603     
   1.18708166666667        5.03859708333333      -0.127229156591516     
   1.18708166666667        5.33486750000000      -0.116571557737222     
   1.18708166666667        5.63113791666667      -0.107277370269499     
   1.18708166666667        5.92740833333333      -9.954277485386268E-002
   1.18708166666667        6.22367875000000      -9.341661871579508E-002
   1.18708166666667        6.51994916666667      -8.845410200882285E-002
   1.18708166666667        6.81621958333333      -8.373592166771600E-002
   1.18708166666667        7.11249000000000      -7.855892461207040E-002
   1.48335208333333       2.000000000000000E-003 -0.214059675682022     
   1.48335208333333       0.298270416666667      -0.229664525590032     
   1.48335208333333       0.594540833333333      -0.245009344925023     
   1.48335208333333       0.890811250000000      -0.259051307443415     
   1.48335208333333        1.18708166666667      -0.270333522839741     
   1.48335208333333        1.48335208333333      -0.277800176698828     
   1.48335208333333        1.77962250000000      -0.281151460409373     
   1.48335208333333        2.07589291666667      -0.280290963053129     
   1.48335208333333        2.37216333333333      -0.275214062728076     
   1.48335208333333        2.66843375000000      -0.266160125500854     
   1.48335208333333        2.96470416666667      -0.253468152841565     
   1.48335208333333        3.26097458333333      -0.237527481767825     
   1.48335208333333        3.55724500000000      -0.219443817758938     
   1.48335208333333        3.85351541666667      -0.200420794463362     
   1.48335208333333        4.14978583333333      -0.181715287981298     
   1.48335208333333        4.44605625000000      -0.164418438641798     
   1.48335208333333        4.74232666666667      -0.148619344352615     
   1.48335208333333        5.03859708333333      -0.134345805741042     
   1.48335208333333        5.33486750000000      -0.121689248848242     
   1.48335208333333        5.63113791666667      -0.110737362134425     
   1.48335208333333        5.92740833333333      -0.101521413037887     
   1.48335208333333        6.22367875000000      -9.407745087615857E-002
   1.48335208333333        6.51994916666667      -8.807567342934820E-002
   1.48335208333333        6.81621958333333      -8.283103367571044E-002
   1.48335208333333        7.11249000000000      -7.766754326032502E-002
   1.77962250000000       2.000000000000000E-003 -0.230760085705739     
   1.77962250000000       0.298270416666667      -0.251305155946986     
   1.77962250000000       0.594540833333333      -0.271794256406656     
   1.77962250000000       0.890811250000000      -0.290508938905443     
   1.77962250000000        1.18708166666667      -0.305639641244450     
   1.77962250000000        1.48335208333333      -0.316021478144435     
   1.77962250000000        1.77962250000000      -0.321286317390371     
   1.77962250000000        2.07589291666667      -0.321252651780568     
   1.77962250000000        2.37216333333333      -0.315770594177639     
   1.77962250000000        2.66843375000000      -0.304085980579373     
   1.77962250000000        2.96470416666667      -0.287777371851984     
   1.77962250000000        3.26097458333333      -0.268349631207381     
   1.77962250000000        3.55724500000000      -0.246681445361069     
   1.77962250000000        3.85351541666667      -0.223669759125478     
   1.77962250000000        4.14978583333333      -0.200562725832783     
   1.77962250000000        4.44605625000000      -0.178579572435304     
   1.77962250000000        4.74232666666667      -0.158723946017335     
   1.77962250000000        5.03859708333333      -0.141587310910095     
   1.77962250000000        5.33486750000000      -0.126599079635086     
   1.77962250000000        5.63113791666667      -0.113782248311704     
   1.77962250000000        5.92740833333333      -0.103164139263623     
   1.77962250000000        6.22367875000000      -9.462630490496034E-002
   1.77962250000000        6.51994916666667      -8.784456504365712E-002
   1.77962250000000        6.81621958333333      -8.218041496270147E-002
   1.77962250000000        7.11249000000000      -7.690290120181512E-002
   2.07589291666667       2.000000000000000E-003 -0.248499299721115     
   2.07589291666667       0.298270416666667      -0.274473453745370     
   2.07589291666667       0.594540833333333      -0.300818395965234     
   2.07589291666667       0.890811250000000      -0.325014970669275     
   2.07589291666667        1.18708166666667      -0.344979783233416     
   2.07589291666667        1.48335208333333      -0.359461897586146     
   2.07589291666667        1.77962250000000      -0.368252733608700     
   2.07589291666667        2.07589291666667      -0.370534876606741     
   2.07589291666667        2.37216333333333      -0.362810466203701     
   2.07589291666667        2.66843375000000      -0.347349214577952     
   2.07589291666667        2.96470416666667      -0.327611414174860     
   2.07589291666667        3.26097458333333      -0.305588342376859     
   2.07589291666667        3.55724500000000      -0.281007818615210     
   2.07589291666667        3.85351541666667      -0.253675117276646     
   2.07589291666667        4.14978583333333      -0.225074861454600     
   2.07589291666667        4.44605625000000      -0.197071449281138     
   2.07589291666667        4.74232666666667      -0.171148803884891     
   2.07589291666667        5.03859708333333      -0.148733714510156     
   2.07589291666667        5.33486750000000      -0.130802282184396     
   2.07589291666667        5.63113791666667      -0.116097729075470     
   2.07589291666667        5.92740833333333      -0.104129782726809     
   2.07589291666667        6.22367875000000      -9.470137948425505E-002
   2.07589291666667        6.51994916666667      -8.740925272071721E-002
   2.07589291666667        6.81621958333333      -8.152390604858438E-002
   2.07589291666667        7.11249000000000      -7.622150327611182E-002
   2.37216333333333       2.000000000000000E-003 -0.266742834952905     
   2.37216333333333       0.298270416666667      -0.298497070026468     
   2.37216333333333       0.594540833333333      -0.330990432666492     
   2.37216333333333       0.890811250000000      -0.361148303452177     
   2.37216333333333        1.18708166666667      -0.386585793790537     
   2.37216333333333        1.48335208333333      -0.406785946179533     
   2.37216333333333        1.77962250000000      -0.422384591375564     
   2.37216333333333        2.07589291666667      -0.425488819389825     
   2.37216333333333        2.37216333333333      -0.415091128418696     
   2.37216333333333        2.66843375000000      -0.395994852950030     
   2.37216333333333        2.96470416666667      -0.374078973380837     
   2.37216333333333        3.26097458333333      -0.352144484861900     
   2.37216333333333        3.55724500000000      -0.326309455514250     
   2.37216333333333        3.85351541666667      -0.293325913707331     
   2.37216333333333        4.14978583333333      -0.256562242714940     
   2.37216333333333        4.44605625000000      -0.219978865008587     
   2.37216333333333        4.74232666666667      -0.185806323674150     
   2.37216333333333        5.03859708333333      -0.156298904481125     
   2.37216333333333        5.33486750000000      -0.133490831296351     
   2.37216333333333        5.63113791666667      -0.117212392662881     
   2.37216333333333        5.92740833333333      -0.104288878818683     
   2.37216333333333        6.22367875000000      -9.421363580497723E-002
   2.37216333333333        6.51994916666667      -8.658946554138788E-002
   2.37216333333333        6.81621958333333      -8.066529230157111E-002
   2.37216333333333        7.11249000000000      -7.549506609496313E-002
   2.66843375000000       2.000000000000000E-003 -0.284398908256988     
   2.66843375000000       0.298270416666667      -0.321629572416661     
   2.66843375000000       0.594540833333333      -0.359846021354945     
   2.66843375000000       0.890811250000000      -0.395595314477484     
   2.66843375000000        1.18708166666667      -0.426985868616951     
   2.66843375000000        1.48335208333333      -0.455448184712833     
   2.66843375000000        1.77962250000000      -0.477951977231393     
   2.66843375000000        2.07589291666667      -0.482323531004140     
   2.66843375000000        2.37216333333333      -0.470155002166164     
   2.66843375000000        2.66843375000000      -0.447636600679974     
   2.66843375000000        2.96470416666667      -0.425140415513775     
   2.66843375000000        3.26097458333333      -0.408991991180904     
   2.66843375000000        3.55724500000000      -0.386225821990525     
   2.66843375000000        3.85351541666667      -0.345136612153906     
   2.66843375000000        4.14978583333333      -0.296367788560763     
   2.66843375000000        4.44605625000000      -0.247612101290714     
   2.66843375000000        4.74232666666667      -0.202026070730402     
   2.66843375000000        5.03859708333333      -0.163556576796621     
   2.66843375000000        5.33486750000000      -0.134935578492401     
   2.66843375000000        5.63113791666667      -0.116634438480831     
   2.66843375000000        5.92740833333333      -0.103583025700726     
   2.66843375000000        6.22367875000000      -9.329775520359844E-002
   2.66843375000000        6.51994916666667      -8.558301088220970E-002
   2.66843375000000        6.81621958333333      -7.976053811844049E-002
   2.66843375000000        7.11249000000000      -7.482127719763360E-002
   2.96470416666667       2.000000000000000E-003 -0.299120411160000     
   2.96470416666667       0.298270416666667      -0.340845394608229     
   2.96470416666667       0.594540833333333      -0.383738291475883     
   2.96470416666667       0.890811250000000      -0.424299160350117     
   2.96470416666667        1.18708166666667      -0.461701001214794     
   2.96470416666667        1.48335208333333      -0.500452640611788     
   2.96470416666667        1.77962250000000      -0.527601010889902     
   2.96470416666667        2.07589291666667      -0.534335155719340     
   2.96470416666667        2.37216333333333      -0.521777048022510     
   2.96470416666667        2.66843375000000      -0.495129460728943     
   2.96470416666667        2.96470416666667      -0.470483174500252     
   2.96470416666667        3.26097458333333      -0.464959140975755     
   2.96470416666667        3.55724500000000      -0.452333577089053     
   2.96470416666667        3.85351541666667      -0.404198315336830     
   2.96470416666667        4.14978583333333      -0.344620498233385     
   2.96470416666667        4.44605625000000      -0.280219257022842     
   2.96470416666667        4.74232666666667      -0.219107919403176     
   2.96470416666667        5.03859708333333      -0.169946727772618     
   2.96470416666667        5.33486750000000      -0.135306958326567     
   2.96470416666667        5.63113791666667      -0.114411839225320     
   2.96470416666667        5.92740833333333      -0.102232692139880     
   2.96470416666667        6.22367875000000      -9.219240116052776E-002
   2.96470416666667        6.51994916666667      -8.458727440588878E-002
   2.96470416666667        6.81621958333333      -7.894404962166475E-002
   2.96470416666667        7.11249000000000      -7.425631774926904E-002
   3.26097458333333       2.000000000000000E-003 -0.308900371591741     
   3.26097458333333       0.298270416666667      -0.353560813550306     
   3.26097458333333       0.594540833333333      -0.399524081283872     
   3.26097458333333       0.890811250000000      -0.443433054356327     
   3.26097458333333        1.18708166666667      -0.485601663524860     
   3.26097458333333        1.48335208333333      -0.531367982796748     
   3.26097458333333        1.77962250000000      -0.563004744172272     
   3.26097458333333        2.07589291666667      -0.572344266909820     
   3.26097458333333        2.37216333333333      -0.559851869229921     
   3.26097458333333        2.66843375000000      -0.528424437776375     
   3.26097458333333        2.96470416666667      -0.496815564763734     
   3.26097458333333        3.26097458333333      -0.496018525864810     
   3.26097458333333        3.55724500000000      -0.487971571647883     
   3.26097458333333        3.85351541666667      -0.455659390201287     
   3.26097458333333        4.14978583333333      -0.398750231071071     
   3.26097458333333        4.44605625000000      -0.313822539905134     
   3.26097458333333        4.74232666666667      -0.234307102228147     
   3.26097458333333        5.03859708333333      -0.174684866909320     
   3.26097458333333        5.33486750000000      -0.135053475445719     
   3.26097458333333        5.63113791666667      -0.112403912294530     
   3.26097458333333        5.92740833333333      -0.100864124840361     
   3.26097458333333        6.22367875000000      -9.127229104753144E-002
   3.26097458333333        6.51994916666667      -8.384598434886245E-002
   3.26097458333333        6.81621958333333      -7.836578080056808E-002
   3.26097458333333        7.11249000000000      -7.386880425157206E-002
   3.55724500000000       2.000000000000000E-003 -0.312345156049988     
   3.55724500000000       0.298270416666667      -0.358018464145789     
   3.55724500000000       0.594540833333333      -0.405045557363379     
   3.55724500000000       0.890811250000000      -0.450163654889677     
   3.55724500000000        1.18708166666667      -0.494186281267035     
   3.55724500000000        1.48335208333333      -0.542895709471593     
   3.55724500000000        1.77962250000000      -0.575325225906842     
   3.55724500000000        2.07589291666667      -0.586237464042553     
   3.55724500000000        2.37216333333333      -0.573961671845588     
   3.55724500000000        2.66843375000000      -0.540423723202539     
   3.55724500000000        2.96470416666667      -0.505899346463684     
   3.55724500000000        3.26097458333333      -0.520320041902588     
   3.55724500000000        3.55724500000000      -0.504092924863058     
   3.55724500000000        3.85351541666667      -0.487175105793906     
   3.55724500000000        4.14978583333333      -0.430316531674888     
   3.55724500000000        4.44605625000000      -0.330337726835256     
   3.55724500000000        4.74232666666667      -0.240897697196573     
   3.55724500000000        5.03859708333333      -0.176573806556461     
   3.55724500000000        5.33486750000000      -0.135028035163672     
   3.55724500000000        5.63113791666667      -0.111487677121941     
   3.55724500000000        5.92740833333333      -0.100280614035656     
   3.55724500000000        6.22367875000000      -9.091219283979697E-002
   3.55724500000000        6.51994916666667      -8.357031610455884E-002
   3.55724500000000        6.81621958333333      -7.815448912980537E-002
   3.55724500000000        7.11249000000000      -7.372758384755237E-002
   3.85351541666667       2.000000000000000E-003 -0.308907559757272     
   3.85351541666667       0.298270416666667      -0.353567427605068     
   3.85351541666667       0.594540833333333      -0.399529667493846     
   3.85351541666667       0.890811250000000      -0.443437296844801     
   3.85351541666667        1.18708166666667      -0.485604290113271     
   3.85351541666667        1.48335208333333      -0.531368529192894     
   3.85351541666667        1.77962250000000      -0.563002307242651     
   3.85351541666667        2.07589291666667      -0.572337580076962     
   3.85351541666667        2.37216333333333      -0.559838624200861     
   3.85351541666667        2.66843375000000      -0.528401448876373     
   3.85351541666667        2.96470416666667      -0.496783445276965     
   3.85351541666667        3.26097458333333      -0.495996293517364     
   3.85351541666667        3.55724500000000      -0.487969486304159     
   3.85351541666667        3.85351541666667      -0.455679371464870     
   3.85351541666667        4.14978583333333      -0.398784976641947     
   3.85351541666667        4.44605625000000      -0.313854064529753     
   3.85351541666667        4.74232666666667      -0.234330556887473     
   3.85351541666667        5.03859708333333      -0.174700533915585     
   3.85351541666667        5.33486750000000      -0.135062925083403     
   3.85351541666667        5.63113791666667      -0.112409049039855     
   3.85351541666667        5.92740833333333      -0.100866852063981     
   3.85351541666667        6.22367875000000      -9.127340475089522E-002
   3.85351541666667        6.51994916666667      -8.384599120682037E-002
   3.85351541666667        6.81621958333333      -7.836515723926142E-002
   3.85351541666667        7.11249000000000      -7.386795755942413E-002
   4.14978583333333       2.000000000000000E-003 -0.299134167735642     
   4.14978583333333       0.298270416666667      -0.340858305876130     
   4.14978583333333       0.594540833333333      -0.383749461219560     
   4.14978583333333       0.890811250000000      -0.424307977071940     
   4.14978583333333        1.18708166666667      -0.461707001683821     
   4.14978583333333        1.48335208333333      -0.500455126936674     
   4.14978583333333        1.77962250000000      -0.527598645667908     
   4.14978583333333        2.07589291666667      -0.534326784101377     
   4.14978583333333        2.37216333333333      -0.521761038417880     
   4.14978583333333        2.66843375000000      -0.495106684825243     
   4.14978583333333        2.96470416666667      -0.470462084300963     
   4.14978583333333        3.26097458333333      -0.464954525835987     
   4.14978583333333        3.55724500000000      -0.452335101052087     
   4.14978583333333        3.85351541666667      -0.404206784143705     
   4.14978583333333        4.14978583333333      -0.344651012295602     
   4.14978583333333        4.44605625000000      -0.280257866471161     
   4.14978583333333        4.74232666666667      -0.219141664405802     
   4.14978583333333        5.03859708333333      -0.169971201757920     
   4.14978583333333        5.33486750000000      -0.135322464300802     
   4.14978583333333        5.63113791666667      -0.114420693566136     
   4.14978583333333        5.92740833333333      -0.102237569261627     
   4.14978583333333        6.22367875000000      -9.219435754321316E-002
   4.14978583333333        6.51994916666667      -8.458721076546098E-002
   4.14978583333333        6.81621958333333      -7.894279725087894E-002
   4.14978583333333        7.11249000000000      -7.425466741142117E-002
   4.44605625000000       2.000000000000000E-003 -0.284418266942798     
   4.44605625000000       0.298270416666667      -0.321648209524702     
   4.44605625000000       0.594540833333333      -0.359862717423762     
   4.44605625000000       0.890811250000000      -0.395609138952143     
   4.44605625000000        1.18708166666667      -0.426996171418760     
   4.44605625000000        1.48335208333333      -0.455454242782347     
   4.44605625000000        1.77962250000000      -0.477952664401879     
   4.44605625000000        2.07589291666667      -0.482318262029663     
   4.44605625000000        2.37216333333333      -0.470144074071058     
   4.44605625000000        2.66843375000000      -0.447623215242651     
   4.44605625000000        2.96470416666667      -0.425131718253893     
   4.44605625000000        3.26097458333333      -0.408992339989108     
   4.44605625000000        3.55724500000000      -0.386228616913205     
   4.44605625000000        3.85351541666667      -0.345144021085885     
   4.44605625000000        4.14978583333333      -0.296389846204749     
   4.44605625000000        4.44605625000000      -0.247644543330805     
   4.44605625000000        4.74232666666667      -0.202058398137207     
   4.44605625000000        5.03859708333333      -0.163582212480978     
   4.44605625000000        5.33486750000000      -0.134952917691243     
   4.44605625000000        5.63113791666667      -0.116645229596302     
   4.44605625000000        5.92740833333333      -0.103589066141035     
   4.44605625000000        6.22367875000000      -9.330008594913854E-002
   4.44605625000000        6.51994916666667      -8.558267692561781E-002
   4.44605625000000        6.81621958333333      -7.975865288041660E-002
   4.44605625000000        7.11249000000000      -7.481888979495391E-002
   4.74232666666667       2.000000000000000E-003 -0.266766856395394     
   4.74232666666667       0.298270416666667      -0.298521004660070     
   4.74232666666667       0.594540833333333      -0.331012598003239     
   4.74232666666667       0.890811250000000      -0.361167455270349     
   4.74232666666667        1.18708166666667      -0.386601025162740     
   4.74232666666667        1.48335208333333      -0.406796631908536     
   4.74232666666667        1.77962250000000      -0.422389886263732     
   4.74232666666667        2.07589291666667      -0.425488626965983     
   4.74232666666667        2.37216333333333      -0.415086492571638     
   4.74232666666667        2.66843375000000      -0.395988666106669     
   4.74232666666667        2.96470416666667      -0.374075031097376     
   4.74232666666667        3.26097458333333      -0.352144367827280     
   4.74232666666667        3.55724500000000      -0.326311818744131     
   4.74232666666667        3.85351541666667      -0.293333170813005     
   4.74232666666667        4.14978583333333      -0.256579006679570     
   4.74232666666667        4.44605625000000      -0.220003695447255     
   4.74232666666667        4.74232666666667      -0.185832774157549     
   4.74232666666667        5.03859708333333      -0.156321391894793     
   4.74232666666667        5.33486750000000      -0.133507239880728     
   4.74232666666667        5.63113791666667      -0.117223401624166     
   4.74232666666667        5.92740833333333      -0.104295066663982     
   4.74232666666667        6.22367875000000      -9.421578314459438E-002
   4.74232666666667        6.51994916666667      -8.658856795329893E-002
   4.74232666666667        6.81621958333333      -8.066261690152057E-002
   4.74232666666667        7.11249000000000      -7.549189869052526E-002
   5.03859708333333       2.000000000000000E-003 -0.248527591867869     
   5.03859708333333       0.298270416666667      -0.274502726322884     
   5.03859708333333       0.594540833333333      -0.300846261920277     
   5.03859708333333       0.890811250000000      -0.325039457933126     
   5.03859708333333        1.18708166666667      -0.344999941928085     
   5.03859708333333        1.48335208333333      -0.359477206708041     
   5.03859708333333        1.77962250000000      -0.368262819671938     
   5.03859708333333        2.07589291666667      -0.370539624967262     
   5.03859708333333        2.37216333333333      -0.362810913835945     
   5.03859708333333        2.66843375000000      -0.347347369787208     
   5.03859708333333        2.96470416666667      -0.327609609906787     
   5.03859708333333        3.26097458333333      -0.305588033972605     
   5.03859708333333        3.55724500000000      -0.281009987135598     
   5.03859708333333        3.85351541666667      -0.253681838502524     
   5.03859708333333        4.14978583333333      -0.225088157090142     
   5.03859708333333        4.44605625000000      -0.197090277796582     
   5.03859708333333        4.74232666666667      -0.171169283166093     
   5.03859708333333        5.03859708333333      -0.148752005095762     
   5.03859708333333        5.33486750000000      -0.130816659896062     
   5.03859708333333        5.63113791666667      -0.116107694663583     
   5.03859708333333        5.92740833333333      -0.104135286942387     
   5.03859708333333        6.22367875000000      -9.470282391500552E-002
   5.03859708333333        6.51994916666667      -8.740739829133452E-002
   5.03859708333333        6.81621958333333      -8.152014421550374E-002
   5.03859708333333        7.11249000000000      -7.621742545257902E-002
   5.33486750000000       2.000000000000000E-003 -0.230790558645854     
   5.33486750000000       0.298270416666667      -0.251337958096744     
   5.33486750000000       0.594540833333333      -0.271826355193954     
   5.33486750000000       0.890811250000000      -0.290537890692127     
   5.33486750000000        1.18708166666667      -0.305663989519921     
   5.33486750000000        1.48335208333333      -0.316040453276058     
   5.33486750000000        1.77962250000000      -0.321299963073771     
   5.33486750000000        2.07589291666667      -0.321261179331316     
   5.33486750000000        2.37216333333333      -0.315774627347152     
   5.33486750000000        2.66843375000000      -0.304087157047761     
   5.33486750000000        2.96470416666667      -0.287777444863818     
   5.33486750000000        3.26097458333333      -0.268350266295220     
   5.33486750000000        3.55724500000000      -0.246684286755937     
   5.33486750000000        3.85351541666667      -0.223676282973961     
   5.33486750000000        4.14978583333333      -0.200573781580363     
   5.33486750000000        4.44605625000000      -0.178594161825214     
   5.33486750000000        4.74232666666667      -0.158739663285690     
   5.33486750000000        5.03859708333333      -0.141601785327494     
   5.33486750000000        5.33486750000000      -0.126610867159028     
   5.33486750000000        5.63113791666667      -0.113790585810946     
   5.33486750000000        5.92740833333333      -0.103168642085546     
   5.33486750000000        6.22367875000000      -9.462684205610693E-002
   5.33486750000000        6.51994916666667      -8.784180092724461E-002
   5.33486750000000        6.81621958333333      -8.217588673100784E-002
   5.33486750000000        7.11249000000000      -7.689845723697952E-002
   5.63113791666667       2.000000000000000E-003 -0.214089846383127     
   5.63113791666667       0.298270416666667      -0.229697991401294     
   5.63113791666667       0.594540833333333      -0.245042474739677     
   5.63113791666667       0.890811250000000      -0.259081568621996     
   5.63113791666667        1.18708166666667      -0.270359490993885     
   5.63113791666667        1.48335208333333      -0.277821064427440     
   5.63113791666667        1.77962250000000      -0.281167025708672     
   5.63113791666667        2.07589291666667      -0.280301665409965     
   5.63113791666667        2.37216333333333      -0.275220554710440     
   5.63113791666667        2.66843375000000      -0.266163636407970     
   5.63113791666667        2.96470416666667      -0.253470219344551     
   5.63113791666667        3.26097458333333      -0.237529762181645     
   5.63113791666667        3.55724500000000      -0.219447710368946     
   5.63113791666667        3.85351541666667      -0.200427290089617     
   5.63113791666667        4.14978583333333      -0.181724608024756     
   5.63113791666667        4.44605625000000      -0.164429697965402     
   5.63113791666667        4.74232666666667      -0.148631188825184     
   5.63113791666667        5.03859708333333      -0.134356805311885     
   5.63113791666667        5.33486750000000      -0.121698401322527     
   5.63113791666667        5.63113791666667      -0.110744067869338     
   5.63113791666667        5.92740833333333      -0.101524716933620     
   5.63113791666667        6.22367875000000      -9.407696632122904E-002
   5.63113791666667        6.51994916666667      -8.807205606463808E-002
   5.63113791666667        6.81621958333333      -8.282604961385694E-002
   5.63113791666667        7.11249000000000      -7.766335391407383E-002
   5.92740833333333       2.000000000000000E-003 -0.198857464676211     
   5.92740833333333       0.298270416666667      -0.210263819402403     
   5.92740833333333       0.594540833333333      -0.221368258270144     
   5.92740833333333       0.890811250000000      -0.231629026185771     
   5.92740833333333        1.18708166666667      -0.239858694635625     
   5.92740833333333        1.48335208333333      -0.245186244993873     
   5.92740833333333        1.77962250000000      -0.247302860176172     
   5.92740833333333        2.07589291666667      -0.246240670397115     
   5.92740833333333        2.37216333333333      -0.241942341085374     
   5.92740833333333        2.66843375000000      -0.234490875670495     
   5.92740833333333        2.96470416666667      -0.224185903659854     
   5.92740833333333        3.26097458333333      -0.211491983455960     
   5.92740833333333        3.55724500000000      -0.197096441027128     
   5.92740833333333        3.85351541666667      -0.181906930181054     
   5.92740833333333        4.14978583333333      -0.166827403345527     
   5.92740833333333        4.44605625000000      -0.152494131108306     
   5.92740833333333        4.74232666666667      -0.139242099202478     
   5.92740833333333        5.03859708333333      -0.127237082903874     
   5.92740833333333        5.33486750000000      -0.116578334486631     
   5.92740833333333        5.63113791666667      -0.107282177530784     
   5.92740833333333        5.92740833333333      -9.954462253158770E-002
   5.92740833333333        6.22367875000000      -9.341501053547092E-002
   5.92740833333333        6.51994916666667      -8.844956918904327E-002
   5.92740833333333        6.81621958333333      -8.373068683351716E-002
   5.92740833333333        7.11249000000000      -7.855593221566071E-002
   6.22367875000000       2.000000000000000E-003 -0.185384615838894     
   6.22367875000000       0.298270416666667      -0.193590032106500     
   6.22367875000000       0.594540833333333      -0.201678401957295     
   6.22367875000000       0.890811250000000      -0.209018894652550     
   6.22367875000000        1.18708166666667      -0.214606404497968     
   6.22367875000000        1.48335208333333      -0.218004663854511     
   6.22367875000000        1.77962250000000      -0.219069022453735     
   6.22367875000000        2.07589291666667      -0.217829777644724     
   6.22367875000000        2.37216333333333      -0.214221383181705     
   6.22367875000000        2.66843375000000      -0.208190458398236     
   6.22367875000000        2.96470416666667      -0.199910402138347     
   6.22367875000000        3.26097458333333      -0.189743275898638     
   6.22367875000000        3.55724500000000      -0.178211206312542     
   6.22367875000000        3.85351541666667      -0.165947926011977     
   6.22367875000000        4.14978583333333      -0.153591551821276     
   6.22367875000000        4.44605625000000      -0.141667268122388     
   6.22367875000000        4.74232666666667      -0.130540035761083     
   6.22367875000000        5.03859708333333      -0.120439411281058     
   6.22367875000000        5.33486750000000      -0.111453727780848     
   6.22367875000000        5.63113791666667      -0.103683114420417     
   6.22367875000000        5.92740833333333      -9.744249129515935E-002
   6.22367875000000        6.22367875000000      -9.281554481249596E-002
   6.22367875000000        6.51994916666667      -8.919545732702007E-002
   6.22367875000000        6.81621958333333      -8.505606092176073E-002
   6.22367875000000        7.11249000000000      -7.941102511077558E-002
   6.51994916666667       2.000000000000000E-003 -0.173683487078691     
   6.51994916666667       0.298270416666667      -0.180220720968734     
   6.51994916666667       0.594540833333333      -0.187016847311656     
   6.51994916666667       0.890811250000000      -0.191674656453854     
   6.51994916666667        1.18708166666667      -0.194412388663125     
   6.51994916666667        1.48335208333333      -0.195738523514795     
   6.51994916666667        1.77962250000000      -0.195659435395741     
   6.51994916666667        2.07589291666667      -0.194069361329883     
   6.51994916666667        2.37216333333333      -0.190862672097192     
   6.51994916666667        2.66843375000000      -0.185918479831556     
   6.51994916666667        2.96470416666667      -0.179271178064107     
   6.51994916666667        3.26097458333333      -0.171139070546983     
   6.51994916666667        3.55724500000000      -0.161876121610256     
   6.51994916666667        3.85351541666667      -0.151925558590941     
   6.51994916666667        4.14978583333333      -0.141762226296666     
   6.51994916666667        4.44605625000000      -0.131826337459530     
   6.51994916666667        4.74232666666667      -0.122476261825294     
   6.51994916666667        5.03859708333333      -0.113971046912453     
   6.51994916666667        5.33486750000000      -0.106393097436833     
   6.51994916666667        5.63113791666667      -9.998255413445659E-002
   6.51994916666667        5.92740833333333      -9.510408193667069E-002
   6.51994916666667        6.22367875000000      -9.195411141974391E-002
   6.51994916666667        6.51994916666667      -8.990993735356574E-002
   6.51994916666667        6.81621958333333      -8.655780589415830E-002
   6.51994916666667        7.11249000000000      -7.991507627991326E-002
   6.81621958333333       2.000000000000000E-003 -0.162969108770806     
   6.81621958333333       0.298270416666667      -0.170042217090569     
   6.81621958333333       0.594540833333333      -0.176805909224235     
   6.81621958333333       0.890811250000000      -0.178067924679356     
   6.81621958333333        1.18708166666667      -0.177801127686079     
   6.81621958333333        1.48335208333333      -0.177161118134912     
   6.81621958333333        1.77962250000000      -0.175981724385790     
   6.81621958333333        2.07589291666667      -0.173968281183720     
   6.81621958333333        2.37216333333333      -0.170945630095535     
   6.81621958333333        2.66843375000000      -0.166789546937164     
   6.81621958333333        2.96470416666667      -0.161422472654280     
   6.81621958333333        3.26097458333333      -0.154924581982283     
   6.81621958333333        3.55724500000000      -0.147494978853625     
   6.81621958333333        3.85351541666667      -0.139421754864082     
   6.81621958333333        4.14978583333333      -0.131057338355564     
   6.81621958333333        4.44605625000000      -0.122771789175114     
   6.81621958333333        4.74232666666667      -0.114902469910159     
   6.81621958333333        5.03859708333333      -0.107710573292470     
   6.81621958333333        5.33486750000000      -0.101324546793520     
   6.81621958333333        5.63113791666667      -9.603240314227714E-002
   6.81621958333333        5.92740833333333      -9.215894590794504E-002
   6.81621958333333        6.22367875000000      -8.989182395160096E-002
   6.81621958333333        6.51994916666667      -8.873577815557412E-002
   6.81621958333333        6.81621958333333      -8.590890588942046E-002
   6.81621958333333        7.11249000000000      -7.921517807972971E-002
   7.11249000000000       2.000000000000000E-003 -0.151444509538009     
   7.11249000000000       0.298270416666667      -0.160013394639077     
   7.11249000000000       0.594540833333333      -0.164313373067258     
   7.11249000000000       0.890811250000000      -0.163820103349650     
   7.11249000000000        1.18708166666667      -0.162273759228886     
   7.11249000000000        1.48335208333333      -0.160660583292802     
   7.11249000000000        1.77962250000000      -0.158848813810586     
   7.11249000000000        2.07589291666667      -0.156587200859957     
   7.11249000000000        2.37216333333333      -0.153715434283066     
   7.11249000000000        2.66843375000000      -0.150173444603742     
   7.11249000000000        2.96470416666667      -0.145816798981066     
   7.11249000000000        3.26097458333333      -0.140622209128557     
   7.11249000000000        3.55724500000000      -0.134665548898244     
   7.11249000000000        3.85351541666667      -0.128112263369580     
   7.11249000000000        4.14978583333333      -0.121218085564627     
   7.11249000000000        4.44605625000000      -0.114292028474140     
   7.11249000000000        4.74232666666667      -0.107643274425489     
   7.11249000000000        5.03859708333333      -0.101527537937012     
   7.11249000000000        5.33486750000000      -9.613031270935002E-002
   7.11249000000000        5.63113791666667      -9.169956283558606E-002
   7.11249000000000        5.92740833333333      -8.841213737368098E-002
   7.11249000000000        6.22367875000000      -8.620508818484728E-002
   7.11249000000000        6.51994916666667      -8.446427954328438E-002
   7.11249000000000        6.81621958333333      -8.121319335829798E-002
   7.11249000000000        7.11249000000000      -7.564351068036654E-002
