  2.000000000000000E-003  2.000000000000000E-003  -1.60180558939762     
  2.000000000000000E-003  0.298270416666667       -1.56676000494347     
  2.000000000000000E-003  0.594540833333333       -1.36471477716949     
  2.000000000000000E-003  0.890811250000000       -1.08413212463474     
  2.000000000000000E-003   1.18708166666667      -0.836896003738236     
  2.000000000000000E-003   1.48335208333333      -0.646025002261360     
  2.000000000000000E-003   1.77962250000000      -0.503485830563899     
  2.000000000000000E-003   2.07589291666667      -0.398263465338216     
  2.000000000000000E-003   2.37216333333333      -0.321463968204548     
  2.000000000000000E-003   2.66843375000000      -0.265536682883017     
  2.000000000000000E-003   2.96470416666667      -0.224884114430947     
  2.000000000000000E-003   3.26097458333333      -0.195043406459005     
  2.000000000000000E-003   3.55724500000000      -0.172369740194574     
  2.000000000000000E-003   3.85351541666667      -0.154181418987831     
  2.000000000000000E-003   4.14978583333333      -0.138802267724982     
  2.000000000000000E-003   4.44605625000000      -0.125394160958562     
  2.000000000000000E-003   4.74232666666667      -0.113618709986886     
  2.000000000000000E-003   5.03859708333333      -0.103288024109137     
  2.000000000000000E-003   5.33486750000000      -9.433803180694789E-002
  2.000000000000000E-003   5.63113791666667      -8.683604565043386E-002
  2.000000000000000E-003   5.92740833333333      -8.080795903894650E-002
  2.000000000000000E-003   6.22367875000000      -7.610325268358842E-002
  2.000000000000000E-003   6.51994916666667      -7.220648825216158E-002
  2.000000000000000E-003   6.81621958333333      -6.789271823272000E-002
  2.000000000000000E-003   7.11249000000000      -6.354869857940734E-002
  0.298270416666667       2.000000000000000E-003  -1.56675898997312     
  0.298270416666667       0.298270416666667       -1.49401422524224     
  0.298270416666667       0.594540833333333       -1.29067540565129     
  0.298270416666667       0.890811250000000       -1.03584586749063     
  0.298270416666667        1.18708166666667      -0.808358919513130     
  0.298270416666667        1.48335208333333      -0.628994213746750     
  0.298270416666667        1.77962250000000      -0.493052120744257     
  0.298270416666667        2.07589291666667      -0.391692328963826     
  0.298270416666667        2.37216333333333      -0.317203908819666     
  0.298270416666667        2.66843375000000      -0.262718523003038     
  0.298270416666667        2.96470416666667      -0.222994006430379     
  0.298270416666667        3.26097458333333      -0.193751022614205     
  0.298270416666667        3.55724500000000      -0.171461436322496     
  0.298270416666667        3.85351541666667      -0.153521293884574     
  0.298270416666667        4.14978583333333      -0.138309909827501     
  0.298270416666667        4.44605625000000      -0.125023620690719     
  0.298270416666667        4.74232666666667      -0.113342908204009     
  0.298270416666667        5.03859708333333      -0.103094379974106     
  0.298270416666667        5.33486750000000      -9.420369581705597E-002
  0.298270416666667        5.63113791666667      -8.675423620410953E-002
  0.298270416666667        5.92740833333333      -8.077231496013659E-002
  0.298270416666667        6.22367875000000      -7.614495960608128E-002
  0.298270416666667        6.51994916666667      -7.248007849258604E-002
  0.298270416666667        6.81621958333333      -6.909048275232210E-002
  0.298270416666667        7.11249000000000      -6.489045425482282E-002
  0.594540833333333       2.000000000000000E-003  -1.36471333576092     
  0.594540833333333       0.298270416666667       -1.29067458388363     
  0.594540833333333       0.594540833333333       -1.11849781670716     
  0.594540833333333       0.890811250000000      -0.918710436982649     
  0.594540833333333        1.18708166666667      -0.735027050034851     
  0.594540833333333        1.48335208333333      -0.583453249532354     
  0.594540833333333        1.77962250000000      -0.464416496319305     
  0.594540833333333        2.07589291666667      -0.373375804885721     
  0.594540833333333        2.37216333333333      -0.305244475121497     
  0.594540833333333        2.66843375000000      -0.254785872428808     
  0.594540833333333        2.96470416666667      -0.217672832535366     
  0.594540833333333        3.26097458333333      -0.190114358575961     
  0.594540833333333        3.55724500000000      -0.168907264622106     
  0.594540833333333        3.85351541666667      -0.151670464754815     
  0.594540833333333        4.14978583333333      -0.136935433240143     
  0.594540833333333        4.44605625000000      -0.123992064789875     
  0.594540833333333        4.74232666666667      -0.112573297351720     
  0.594540833333333        5.03859708333333      -0.102540109923395     
  0.594540833333333        5.33486750000000      -9.382270404905806E-002
  0.594540833333333        5.63113791666667      -8.648794257922024E-002
  0.594540833333333        5.92740833333333      -8.057290441042053E-002
  0.594540833333333        6.22367875000000      -7.599306016089620E-002
  0.594540833333333        6.51994916666667      -7.238738978197777E-002
  0.594540833333333        6.81621958333333      -6.897856718414572E-002
  0.594540833333333        7.11249000000000      -6.450701947153659E-002
  0.890811250000000       2.000000000000000E-003  -1.08413199336453     
  0.890811250000000       0.298270416666667       -1.03584593106054     
  0.890811250000000       0.594540833333333      -0.918710736024003     
  0.890811250000000       0.890811250000000      -0.777061890218708     
  0.890811250000000        1.18708166666667      -0.640278828897193     
  0.890811250000000        1.48335208333333      -0.521404203658142     
  0.890811250000000        1.77962250000000      -0.423824656701739     
  0.890811250000000        2.07589291666667      -0.346721946040541     
  0.890811250000000        2.37216333333333      -0.287562067003824     
  0.890811250000000        2.66843375000000      -0.243003839623114     
  0.890811250000000        2.96470416666667      -0.209770986085949     
  0.890811250000000        3.26097458333333      -0.184729733204739     
  0.890811250000000        3.55724500000000      -0.165142819897324     
  0.890811250000000        3.85351541666667      -0.148960916502585     
  0.890811250000000        4.14978583333333      -0.134938337080949     
  0.890811250000000        4.44605625000000      -0.122499717483151     
  0.890811250000000        4.74232666666667      -0.111453596863973     
  0.890811250000000        5.03859708333333      -0.101716483690739     
  0.890811250000000        5.33486750000000      -9.321159204562809E-002
  0.890811250000000        5.63113791666667      -8.598955497917533E-002
  0.890811250000000        5.92740833333333      -8.007930574710855E-002
  0.890811250000000        6.22367875000000      -7.537208017868929E-002
  0.890811250000000        6.51994916666667      -7.150362860994591E-002
  0.890811250000000        6.81621958333333      -6.776043073182086E-002
  0.890811250000000        7.11249000000000      -6.333265176003851E-002
   1.18708166666667       2.000000000000000E-003 -0.836897178609398     
   1.18708166666667       0.298270416666667      -0.808360146241572     
   1.18708166666667       0.594540833333333      -0.735028139282213     
   1.18708166666667       0.890811250000000      -0.640279462458877     
   1.18708166666667        1.18708166666667      -0.543155473672733     
   1.18708166666667        1.48335208333333      -0.454210021555314     
   1.18708166666667        1.77962250000000      -0.377975865257478     
   1.18708166666667        2.07589291666667      -0.315698942082955     
   1.18708166666667        2.37216333333333      -0.266644501026203     
   1.18708166666667        2.66843375000000      -0.228948458348160     
   1.18708166666667        2.96470416666667      -0.200314103655942     
   1.18708166666667        3.26097458333333      -0.178301794459291     
   1.18708166666667        3.55724500000000      -0.160689088357254     
   1.18708166666667        3.85351541666667      -0.145799268135639     
   1.18708166666667        4.14978583333333      -0.132640726007447     
   1.18708166666667        4.44605625000000      -0.120795510519985     
   1.18708166666667        4.74232666666667      -0.110162670020953     
   1.18708166666667        5.03859708333333      -0.100721196587535     
   1.18708166666667        5.33486750000000      -9.241728477196715E-002
   1.18708166666667        5.63113791666667      -8.526419598495036E-002
   1.18708166666667        5.92740833333333      -7.927739362961235E-002
   1.18708166666667        6.22367875000000      -7.433946469092688E-002
   1.18708166666667        6.51994916666667      -7.013164188065438E-002
   1.18708166666667        6.81621958333333      -6.612348345465296E-002
   1.18708166666667        7.11249000000000      -6.180108212480148E-002
   1.48335208333333       2.000000000000000E-003 -0.646026940630413     
   1.48335208333333       0.298270416666667      -0.628996179942740     
   1.48335208333333       0.594540833333333      -0.583454959189065     
   1.48335208333333       0.890811250000000      -0.521405401678112     
   1.48335208333333        1.18708166666667      -0.454210587525041     
   1.48335208333333        1.48335208333333      -0.389721800850468     
   1.48335208333333        1.77962250000000      -0.332253775300133     
   1.48335208333333        2.07589291666667      -0.283878814322596     
   1.48335208333333        2.37216333333333      -0.244739052284204     
   1.48335208333333        2.66843375000000      -0.213970247063899     
   1.48335208333333        2.96470416666667      -0.190103773050561     
   1.48335208333333        3.26097458333333      -0.171384590816359     
   1.48335208333333        3.55724500000000      -0.155966758419121     
   1.48335208333333        3.85351541666667      -0.142542699102595     
   1.48335208333333        4.14978583333333      -0.130346781362432     
   1.48335208333333        4.44605625000000      -0.119113507038973     
   1.48335208333333        4.74232666666667      -0.108863595964058     
   1.48335208333333        5.03859708333333      -9.965256133860455E-002
   1.48335208333333        5.33486750000000      -9.148682375016301E-002
   1.48335208333333        5.63113791666667      -8.434367627888324E-002
   1.48335208333333        5.92740833333333      -7.823238418212698E-002
   1.48335208333333        6.22367875000000      -7.305633337140274E-002
   1.48335208333333        6.51994916666667      -6.855903552407491E-002
   1.48335208333333        6.81621958333333      -6.437013493487258E-002
   1.48335208333333        7.11249000000000      -6.013583527689167E-002
   1.77962250000000       2.000000000000000E-003 -0.503488018650890     
   1.77962250000000       0.298270416666667      -0.493054337603972     
   1.77962250000000       0.594540833333333      -0.464418453852261     
   1.77962250000000       0.890811250000000      -0.423826131264146     
   1.77962250000000        1.18708166666667      -0.377976761661994     
   1.77962250000000        1.48335208333333      -0.332254151099696     
   1.77962250000000        1.77962250000000      -0.290239915377762     
   1.77962250000000        2.07589291666667      -0.253749210857474     
   1.77962250000000        2.37216333333333      -0.223368687537817     
   1.77962250000000        2.66843375000000      -0.199184185570845     
   1.77962250000000        2.96470416666667      -0.180123562423322     
   1.77962250000000        3.26097458333333      -0.164658447345427     
   1.77962250000000        3.55724500000000      -0.151428888526507     
   1.77962250000000        3.85351541666667      -0.139469388194628     
   1.77962250000000        4.14978583333333      -0.128268516233937     
   1.77962250000000        4.44605625000000      -0.117645526011879     
   1.77962250000000        4.74232666666667      -0.107684752295391     
   1.77962250000000        5.03859708333333      -9.857472647766725E-002
   1.77962250000000        5.33486750000000      -9.042532310082092E-002
   1.77962250000000        5.63113791666667      -8.324436383019175E-002
   1.77962250000000        5.92740833333333      -7.700253524615003E-002
   1.77962250000000        6.22367875000000      -7.163166190265806E-002
   1.77962250000000        6.51994916666667      -6.693544725115312E-002
   1.77962250000000        6.81621958333333      -6.263857898959126E-002
   1.77962250000000        7.11249000000000      -5.847388608480786E-002
   2.07589291666667       2.000000000000000E-003 -0.398265506981869     
   2.07589291666667       0.298270416666667      -0.391694384245819     
   2.07589291666667       0.594540833333333      -0.373377645130978     
   2.07589291666667       0.890811250000000      -0.346723386846845     
   2.07589291666667        1.18708166666667      -0.315699937731032     
   2.07589291666667        1.48335208333333      -0.283879400124960     
   2.07589291666667        1.77962250000000      -0.253749459798510     
   2.07589291666667        2.07589291666667      -0.226772681109511     
   2.07589291666667        2.37216333333333      -0.204260560357836     
   2.07589291666667        2.66843375000000      -0.186252151595769     
   2.07589291666667        2.96470416666667      -0.171716595217042     
   2.07589291666667        3.26097458333333      -0.159222008670858     
   2.07589291666667        3.55724500000000      -0.147792107282014     
   2.07589291666667        3.85351541666667      -0.137023864552176     
   2.07589291666667        4.14978583333333      -0.126648311443725     
   2.07589291666667        4.44605625000000      -0.116485397625096     
   2.07589291666667        4.74232666666667      -0.106659898099256     
   2.07589291666667        5.03859708333333      -9.748955798524138E-002
   2.07589291666667        5.33486750000000      -8.921905011118982E-002
   2.07589291666667        5.63113791666667      -8.193761535898393E-002
   2.07589291666667        5.92740833333333      -7.559800035751363E-002
   2.07589291666667        6.22367875000000      -7.010451180368883E-002
   2.07589291666667        6.51994916666667      -6.530107801400772E-002
   2.07589291666667        6.81621958333333      -6.096245674483241E-002
   2.07589291666667        7.11249000000000      -5.687335660664423E-002
   2.37216333333333       2.000000000000000E-003 -0.321465642680207     
   2.37216333333333       0.298270416666667      -0.317205606025902     
   2.37216333333333       0.594540833333333      -0.305246042107754     
   2.37216333333333       0.890811250000000      -0.287563382752924     
   2.37216333333333        1.18708166666667      -0.266645500800509     
   2.37216333333333        1.48335208333333      -0.244739727248890     
   2.37216333333333        1.77962250000000      -0.223369071897016     
   2.37216333333333        2.07589291666667      -0.204260709554385     
   2.37216333333333        2.37216333333333      -0.188586219932272     
   2.37216333333333        2.66843375000000      -0.176265687022179     
   2.37216333333333        2.96470416666667      -0.166031217328751     
   2.37216333333333        3.26097458333333      -0.155994432800925     
   2.37216333333333        3.55724500000000      -0.145496020149838     
   2.37216333333333        3.85351541666667      -0.135302332193067     
   2.37216333333333        4.14978583333333      -0.125447380616727     
   2.37216333333333        4.44605625000000      -0.115458280074067     
   2.37216333333333        4.74232666666667      -0.105532919259688     
   2.37216333333333        5.03859708333333      -9.618758072760968E-002
   2.37216333333333        5.33486750000000      -8.775928957163345E-002
   2.37216333333333        5.63113791666667      -8.036991818030603E-002
   2.37216333333333        5.92740833333333      -7.398871544891365E-002
   2.37216333333333        6.22367875000000      -6.847618419624500E-002
   2.37216333333333        6.51994916666667      -6.366282482160206E-002
   2.37216333333333        6.81621958333333      -5.934892291979774E-002
   2.37216333333333        7.11249000000000      -5.534576360846372E-002
   2.66843375000000       2.000000000000000E-003 -0.265538030976736     
   2.66843375000000       0.298270416666667      -0.262719912080427     
   2.66843375000000       0.594540833333333      -0.254787193426459     
   2.66843375000000       0.890811250000000      -0.243004993373247     
   2.66843375000000        1.18708166666667      -0.228949377388858     
   2.66843375000000        1.48335208333333      -0.213970906382640     
   2.66843375000000        1.77962250000000      -0.199184591425434     
   2.66843375000000        2.07589291666667      -0.186252347498515     
   2.66843375000000        2.37216333333333      -0.176265752767553     
   2.66843375000000        2.66843375000000      -0.169302665726922     
   2.66843375000000        2.96470416666667      -0.163611184189213     
   2.66843375000000        3.26097458333333      -0.155544812018843     
   2.66843375000000        3.55724500000000      -0.144359760163094     
   2.66843375000000        3.85351541666667      -0.133824655571481     
   2.66843375000000        4.14978583333333      -0.124159070198950     
   2.66843375000000        4.44605625000000      -0.113969379727898     
   2.66843375000000        4.74232666666667      -0.103734362981099     
   2.66843375000000        5.03859708333333      -9.422519558084802E-002
   2.66843375000000        5.33486750000000      -8.577412266470272E-002
   2.66843375000000        5.63113791666667      -7.842498139157994E-002
   2.66843375000000        5.92740833333333      -7.212245242965870E-002
   2.66843375000000        6.22367875000000      -6.670744205500358E-002
   2.66843375000000        6.51994916666667      -6.199203495100769E-002
   2.66843375000000        6.81621958333333      -5.777852206367135E-002
   2.66843375000000        7.11249000000000      -5.389098993062050E-002
   2.96470416666667       2.000000000000000E-003 -0.224885146075097     
   2.96470416666667       0.298270416666667      -0.222995089852593     
   2.96470416666667       0.594540833333333      -0.217673885857354     
   2.96470416666667       0.890811250000000      -0.209771926783956     
   2.96470416666667        1.18708166666667      -0.200314868320866     
   2.96470416666667        1.48335208333333      -0.190104330284739     
   2.96470416666667        1.77962250000000      -0.180123897607666     
   2.96470416666667        2.07589291666667      -0.171716755316584     
   2.96470416666667        2.37216333333333      -0.166031284224267     
   2.96470416666667        2.66843375000000      -0.163611220116592     
   2.96470416666667        2.96470416666667      -0.162751262390713     
   2.96470416666667        3.26097458333333      -0.156990089568733     
   2.96470416666667        3.55724500000000      -0.143329255193447     
   2.96470416666667        3.85351541666667      -0.131954722741581     
   2.96470416666667        4.14978583333333      -0.121869743704568     
   2.96470416666667        4.44605625000000      -0.111012966674951     
   2.96470416666667        4.74232666666667      -0.100560626577042     
   2.96470416666667        5.03859708333333      -9.118920058699105E-002
   2.96470416666667        5.33486750000000      -8.301937076848434E-002
   2.96470416666667        5.63113791666667      -7.597658498434605E-002
   2.96470416666667        5.92740833333333      -6.993742532235436E-002
   2.96470416666667        6.22367875000000      -6.474388087839525E-002
   2.96470416666667        6.51994916666667      -6.021349099900192E-002
   2.96470416666667        6.81621958333333      -5.615608635683299E-002
   2.96470416666667        7.11249000000000      -5.240888727622802E-002
   3.26097458333333       2.000000000000000E-003 -0.195044134433166     
   3.26097458333333       0.298270416666667      -0.193751803770334     
   3.26097458333333       0.594540833333333      -0.190115132227903     
   3.26097458333333       0.890811250000000      -0.184730432430386     
   3.26097458333333        1.18708166666667      -0.178302363415761     
   3.26097458333333        1.48335208333333      -0.171384992915358     
   3.26097458333333        1.77962250000000      -0.164658662166667     
   3.26097458333333        2.07589291666667      -0.159222081405560     
   3.26097458333333        2.37216333333333      -0.155994446363485     
   3.26097458333333        2.66843375000000      -0.155544846091908     
   3.26097458333333        2.96470416666667      -0.156990159339200     
   3.26097458333333        3.26097458333333      -0.153367701999000     
   3.26097458333333        3.55724500000000      -0.139195332302501     
   3.26097458333333        3.85351541666667      -0.129303556151829     
   3.26097458333333        4.14978583333333      -0.117115564884681     
   3.26097458333333        4.44605625000000      -0.105781445362045     
   3.26097458333333        4.74232666666667      -9.580231906389568E-002
   3.26097458333333        5.03859708333333      -8.709124441124144E-002
   3.26097458333333        5.33486750000000      -7.953078075260200E-002
   3.26097458333333        5.63113791666667      -7.301581598435346E-002
   3.26097458333333        5.92740833333333      -6.741747972800528E-002
   3.26097458333333        6.22367875000000      -6.255046219393341E-002
   3.26097458333333        6.51994916666667      -5.826941342227089E-002
   3.26097458333333        6.81621958333333      -5.440683922628930E-002
   3.26097458333333        7.11249000000000      -5.082084350113599E-002
   3.55724500000000       2.000000000000000E-003 -0.172370207667005     
   3.55724500000000       0.298270416666667      -0.171461951154075     
   3.55724500000000       0.594540833333333      -0.168907783164526     
   3.55724500000000       0.890811250000000      -0.165143290069010     
   3.55724500000000        1.18708166666667      -0.160689464330732     
   3.55724500000000        1.48335208333333      -0.155967005753320     
   3.55724500000000        1.77962250000000      -0.151428984861477     
   3.55724500000000        2.07589291666667      -0.147792085371183     
   3.55724500000000        2.37216333333333      -0.145495948760119     
   3.55724500000000        2.66843375000000      -0.144359717893139     
   3.55724500000000        2.96470416666667      -0.143329289616212     
   3.55724500000000        3.26097458333333      -0.139195384273842     
   3.55724500000000        3.55724500000000      -0.129961529443037     
   3.55724500000000        3.85351541666667      -0.121828123223477     
   3.55724500000000        4.14978583333333      -0.110123872877848     
   3.55724500000000        4.44605625000000      -9.953867199708320E-002
   3.55724500000000        4.74232666666667      -9.041245705656034E-002
   3.55724500000000        5.03859708333333      -8.251143710534274E-002
   3.55724500000000        5.33486750000000      -7.564416783132244E-002
   3.55724500000000        5.63113791666667      -6.971131650798709E-002
   3.55724500000000        5.92740833333333      -6.462000365708892E-002
   3.55724500000000        6.22367875000000      -6.012896659934825E-002
   3.55724500000000        6.51994916666667      -5.612889009433609E-002
   3.55724500000000        6.81621958333333      -5.248241545188752E-002
   3.55724500000000        7.11249000000000      -4.907470342354824E-002
   3.85351541666667       2.000000000000000E-003 -0.154181696249779     
   3.85351541666667       0.298270416666667      -0.153521608881221     
   3.85351541666667       0.594540833333333      -0.151670786312673     
   3.85351541666667       0.890811250000000      -0.148961205513890     
   3.85351541666667        1.18708166666667      -0.145799490110912     
   3.85351541666667        1.48335208333333      -0.142542829572763     
   3.85351541666667        1.77962250000000      -0.139469405670894     
   3.85351541666667        2.07589291666667      -0.137023786587381     
   3.85351541666667        2.37216333333333      -0.135302206539409     
   3.85351541666667        2.66843375000000      -0.133824549234805     
   3.85351541666667        2.96470416666667      -0.131954715337524     
   3.85351541666667        3.26097458333333      -0.129303721177250     
   3.85351541666667        3.55724500000000      -0.121828316694998     
   3.85351541666667        3.85351541666667      -0.115141789647792     
   3.85351541666667        4.14978583333333      -0.104857883950874     
   3.85351541666667        4.44605625000000      -9.430584741778907E-002
   3.85351541666667        4.74232666666667      -8.547191700076071E-002
   3.85351541666667        5.03859708333333      -7.806335565789550E-002
   3.85351541666667        5.33486750000000      -7.171218151336961E-002
   3.85351541666667        5.63113791666667      -6.628038151894930E-002
   3.85351541666667        5.92740833333333      -6.164512823237021E-002
   3.85351541666667        6.22367875000000      -5.751568592594934E-002
   3.85351541666667        6.51994916666667      -5.379495531325605E-002
   3.85351541666667        6.81621958333333      -5.036973206688114E-002
   3.85351541666667        7.11249000000000      -4.715277860410540E-002
   4.14978583333333       2.000000000000000E-003 -0.138802431712101     
   4.14978583333333       0.298270416666667      -0.138310101151721     
   4.14978583333333       0.594540833333333      -0.136935628594526     
   4.14978583333333       0.890811250000000      -0.134938507263769     
   4.14978583333333        1.18708166666667      -0.132640846949565     
   4.14978583333333        1.48335208333333      -0.130346842268792     
   4.14978583333333        1.77962250000000      -0.128268503281077     
   4.14978583333333        2.07589291666667      -0.126648229095990     
   4.14978583333333        2.37216333333333      -0.125447260618137     
   4.14978583333333        2.66843375000000      -0.124158971848995     
   4.14978583333333        2.96470416666667      -0.121869758042612     
   4.14978583333333        3.26097458333333      -0.117115763743267     
   4.14978583333333        3.55724500000000      -0.110124112557500     
   4.14978583333333        3.85351541666667      -0.104857961642115     
   4.14978583333333        4.14978583333333      -9.761641075869529E-002
   4.14978583333333        4.44605625000000      -8.880319239190360E-002
   4.14978583333333        4.74232666666667      -8.072188690209804E-002
   4.14978583333333        5.03859708333333      -7.379090254372982E-002
   4.14978583333333        5.33486750000000      -6.785730022064927E-002
   4.14978583333333        5.63113791666667      -6.283530092105881E-002
   4.14978583333333        5.92740833333333      -5.857774161441293E-002
   4.14978583333333        6.22367875000000      -5.476406983223376E-002
   4.14978583333333        6.51994916666667      -5.130117840577216E-002
   4.14978583333333        6.81621958333333      -4.809273473035261E-002
   4.14978583333333        7.11249000000000      -4.507531080543647E-002
   4.44605625000000       2.000000000000000E-003 -0.125394274263219     
   4.44605625000000       0.298270416666667      -0.125023751621719     
   4.44605625000000       0.594540833333333      -0.123992194547975     
   4.44605625000000       0.890811250000000      -0.122499823552612     
   4.44605625000000        1.18708166666667      -0.120795576149893     
   4.44605625000000        1.48335208333333      -0.119113529239556     
   4.44605625000000        1.77962250000000      -0.117645507169768     
   4.44605625000000        2.07589291666667      -0.116485331421835     
   4.44605625000000        2.37216333333333      -0.115458180291025     
   4.44605625000000        2.66843375000000      -0.113969281507166     
   4.44605625000000        2.96470416666667      -0.111012917366196     
   4.44605625000000        3.26097458333333      -0.105781460806639     
   4.44605625000000        3.55724500000000      -9.953868564123475E-002
   4.44605625000000        3.85351541666667      -9.430580396115154E-002
   4.44605625000000        4.14978583333333      -8.880314370594043E-002
   4.44605625000000        4.44605625000000      -8.225291780697831E-002
   4.44605625000000        4.74232666666667      -7.557884806742106E-002
   4.44605625000000        5.03859708333333      -6.942040706352293E-002
   4.44605625000000        5.33486750000000      -6.399662397012164E-002
   4.44605625000000        5.63113791666667      -5.941552171595311E-002
   4.44605625000000        5.92740833333333      -5.546658206281112E-002
   4.44605625000000        6.22367875000000      -5.192651442397031E-002
   4.44605625000000        6.51994916666667      -4.869598427902695E-002
   4.44605625000000        6.81621958333333      -4.569741976253252E-002
   4.44605625000000        7.11249000000000      -4.288557483547516E-002
   4.74232666666667       2.000000000000000E-003 -0.113618808959293     
   4.74232666666667       0.298270416666667      -0.113343015723655     
   4.74232666666667       0.594540833333333      -0.112573398650185     
   4.74232666666667       0.890811250000000      -0.111453674149693     
   4.74232666666667        1.18708166666667      -0.110162710137240     
   4.74232666666667        1.48335208333333      -0.108863596894281     
   4.74232666666667        1.77962250000000      -0.107684724810558     
   4.74232666666667        2.07589291666667      -0.106659835244153     
   4.74232666666667        2.37216333333333      -0.105532815203858     
   4.74232666666667        2.66843375000000      -0.103734226747466     
   4.74232666666667        2.96470416666667      -0.100560474402298     
   4.74232666666667        3.26097458333333      -9.580215994414823E-002
   4.74232666666667        3.55724500000000      -9.041229194598135E-002
   4.74232666666667        3.85351541666667      -8.547176435558633E-002
   4.74232666666667        4.14978583333333      -8.072178379382777E-002
   4.74232666666667        4.44605625000000      -7.557880680424647E-002
   4.74232666666667        4.74232666666667      -7.016746064158298E-002
   4.74232666666667        5.03859708333333      -6.489487693908649E-002
   4.74232666666667        5.33486750000000      -6.011048492258034E-002
   4.74232666666667        5.63113791666667      -5.599376507994711E-002
   4.74232666666667        5.92740833333333      -5.234078619870706E-002
   4.74232666666667        6.22367875000000      -4.904157858058714E-002
   4.74232666666667        6.51994916666667      -4.602170997758227E-002
   4.74232666666667        6.81621958333333      -4.322868031160557E-002
   4.74232666666667        7.11249000000000      -4.062765634290569E-002
   5.03859708333333       2.000000000000000E-003 -0.103288122141554     
   5.03859708333333       0.298270416666667      -0.103094476395469     
   5.03859708333333       0.594540833333333      -0.102540197147101     
   5.03859708333333       0.890811250000000      -0.101716550098420     
   5.03859708333333        1.18708166666667      -0.100721229056467     
   5.03859708333333        1.48335208333333      -9.965255423451609E-002
   5.03859708333333        1.77962250000000      -9.857468289599454E-002
   5.03859708333333        2.07589291666667      -9.748948063814238E-002
   5.03859708333333        2.37216333333333      -9.618745331979116E-002
   5.03859708333333        2.66843375000000      -9.422501273579560E-002
   5.03859708333333        2.96470416666667      -9.118897305240127E-002
   5.03859708333333        3.26097458333333      -8.709099507425952E-002
   5.03859708333333        3.55724500000000      -8.251119929765914E-002
   5.03859708333333        3.85351541666667      -7.806316557466179E-002
   5.03859708333333        4.14978583333333      -7.379078241351779E-002
   5.03859708333333        4.44605625000000      -6.942034927753311E-002
   5.03859708333333        4.74232666666667      -6.489485655860991E-002
   5.03859708333333        5.03859708333333      -6.043162120020531E-002
   5.03859708333333        5.33486750000000      -5.632469253131795E-002
   5.03859708333333        5.63113791666667      -5.260502515849044E-002
   5.03859708333333        5.92740833333333      -4.921668164319382E-002
   5.03859708333333        6.22367875000000      -4.612046934409424E-002
   5.03859708333333        6.51994916666667      -4.329237037185298E-002
   5.03859708333333        6.81621958333333      -4.070968088456798E-002
   5.03859708333333        7.11249000000000      -3.832633081351056E-002
   5.33486750000000       2.000000000000000E-003 -9.433813533333246E-002
   5.33486750000000       0.298270416666667      -9.420379145598752E-002
   5.33486750000000       0.594540833333333      -9.382279149768692E-002
   5.33486750000000       0.890811250000000      -9.321166333747399E-002
   5.33486750000000        1.18708166666667      -9.241732639066912E-002
   5.33486750000000        1.48335208333333      -9.148682488115065E-002
   5.33486750000000        1.77962250000000      -9.042528049492005E-002
   5.33486750000000        2.07589291666667      -8.921896200608899E-002
   5.33486750000000        2.37216333333333      -8.775914749239290E-002
   5.33486750000000        2.66843375000000      -8.577391750753793E-002
   5.33486750000000        2.96470416666667      -8.301911526708321E-002
   5.33486750000000        3.26097458333333      -7.953050764790795E-002
   5.33486750000000        3.55724500000000      -7.564392016975907E-002
   5.33486750000000        3.85351541666667      -7.171199183484092E-002
   5.33486750000000        4.14978583333333      -6.785717893014780E-002
   5.33486750000000        4.44605625000000      -6.399655587829396E-002
   5.33486750000000        4.74232666666667      -6.011044793296023E-002
   5.33486750000000        5.03859708333333      -5.632467539028723E-002
   5.33486750000000        5.33486750000000      -5.270265747994628E-002
   5.33486750000000        5.63113791666667      -4.928581028726779E-002
   5.33486750000000        5.92740833333333      -4.608970990700596E-002
   5.33486750000000        6.22367875000000      -4.317891096639490E-002
   5.33486750000000        6.51994916666667      -4.054980821043155E-002
   5.33486750000000        6.81621958333333      -3.816759479862939E-002
   5.33486750000000        7.11249000000000      -3.598537486246265E-002
   5.63113791666667       2.000000000000000E-003 -8.683613887761189E-002
   5.63113791666667       0.298270416666667      -8.675432010075061E-002
   5.63113791666667       0.594540833333333      -8.648802955339932E-002
   5.63113791666667       0.890811250000000      -8.598964225553057E-002
   5.63113791666667        1.18708166666667      -8.526426480773079E-002
   5.63113791666667        1.48335208333333      -8.434370650981794E-002
   5.63113791666667        1.77962250000000      -8.324434510535417E-002
   5.63113791666667        2.07589291666667      -8.193754590214132E-002
   5.63113791666667        2.37216333333333      -8.036979468485238E-002
   5.63113791666667        2.66843375000000      -7.842480135032412E-002
   5.63113791666667        2.96470416666667      -7.597635587727736E-002
   5.63113791666667        3.26097458333333      -7.301557063263718E-002
   5.63113791666667        3.55724500000000      -6.971109323212944E-002
   5.63113791666667        3.85351541666667      -6.628020873103319E-002
   5.63113791666667        4.14978583333333      -6.283518293809323E-002
   5.63113791666667        4.44605625000000      -5.941544673824110E-002
   5.63113791666667        4.74232666666667      -5.599371556090461E-002
   5.63113791666667        5.03859708333333      -5.260499323407999E-002
   5.63113791666667        5.33486750000000      -4.928579549754732E-002
   5.63113791666667        5.63113791666667      -4.606417280926858E-002
   5.63113791666667        5.92740833333333      -4.305864237461525E-002
   5.63113791666667        6.22367875000000      -4.032093066975079E-002
   5.63113791666667        6.51994916666667      -3.785647099632163E-002
   5.63113791666667        6.81621958333333      -3.563133765511080E-002
   5.63113791666667        7.11249000000000      -3.359610687419437E-002
   5.92740833333333       2.000000000000000E-003 -8.080802395478674E-002
   5.92740833333333       0.298270416666667      -8.077236887092078E-002
   5.92740833333333       0.594540833333333      -8.057298080813896E-002
   5.92740833333333       0.890811250000000      -8.007940969605938E-002
   5.92740833333333        1.18708166666667      -7.927749813648796E-002
   5.92740833333333        1.48335208333333      -7.823245756932502E-002
   5.92740833333333        1.77962250000000      -7.700255931533739E-002
   5.92740833333333        2.07589291666667      -7.559797198985799E-002
   5.92740833333333        2.37216333333333      -7.398863513428670E-002
   5.92740833333333        2.66843375000000      -7.212232371563396E-002
   5.92740833333333        2.96470416666667      -6.993726087367111E-002
   5.92740833333333        3.26097458333333      -6.741730213751780E-002
   5.92740833333333        3.55724500000000      -6.461983881613013E-002
   5.92740833333333        3.85351541666667      -6.164499392410493E-002
   5.92740833333333        4.14978583333333      -5.857764063262261E-002
   5.92740833333333        4.44605625000000      -5.546650655848665E-002
   5.92740833333333        4.74232666666667      -5.234072818957367E-002
   5.92740833333333        5.03859708333333      -4.921663980428440E-002
   5.92740833333333        5.33486750000000      -4.608968828252509E-002
   5.92740833333333        5.63113791666667      -4.305864089421387E-002
   5.92740833333333        5.92740833333333      -4.021611905554495E-002
   5.92740833333333        6.22367875000000      -3.760554879720175E-002
   5.92740833333333        6.51994916666667      -3.524161946380906E-002
   5.92740833333333        6.81621958333333      -3.308862474646596E-002
   5.92740833333333        7.11249000000000      -3.109563722325850E-002
   6.22367875000000       2.000000000000000E-003 -7.610329416652081E-002
   6.22367875000000       0.298270416666667      -7.614497689197985E-002
   6.22367875000000       0.594540833333333      -7.599312676666485E-002
   6.22367875000000       0.890811250000000      -7.537221042219579E-002
   6.22367875000000        1.18708166666667      -7.433961460355189E-002
   6.22367875000000        1.48335208333333      -7.305645792895071E-002
   6.22367875000000        1.77962250000000      -7.163173753000454E-002
   6.22367875000000        2.07589291666667      -7.010453571007662E-002
   6.22367875000000        2.37216333333333      -6.847615820497681E-002
   6.22367875000000        2.66843375000000      -6.670736910622359E-002
   6.22367875000000        2.96470416666667      -6.474377192877084E-002
   6.22367875000000        3.26097458333333      -6.255033528324506E-002
   6.22367875000000        3.55724500000000      -6.012884076066517E-002
   6.22367875000000        3.85351541666667      -5.751557413912940E-002
   6.22367875000000        4.14978583333333      -5.476397592608442E-002
   6.22367875000000        4.44605625000000      -5.192643630091191E-002
   6.22367875000000        4.74232666666667      -4.904151483011583E-002
   6.22367875000000        5.03859708333333      -4.612042412488100E-002
   6.22367875000000        5.33486750000000      -4.317889574094908E-002
   6.22367875000000        5.63113791666667      -4.032094828741520E-002
   6.22367875000000        5.92740833333333      -3.760557992795436E-002
   6.22367875000000        6.22367875000000      -3.506940546167282E-002
   6.22367875000000        6.51994916666667      -3.271934649921752E-002
   6.22367875000000        6.81621958333333      -3.049572453523634E-002
   6.22367875000000        7.11249000000000      -2.835896042793060E-002
   6.51994916666667       2.000000000000000E-003 -7.220655738181984E-002
   6.51994916666667       0.298270416666667      -7.248008826864433E-002
   6.51994916666667       0.594540833333333      -7.238748839229452E-002
   6.51994916666667       0.890811250000000      -7.150381884426839E-002
   6.51994916666667        1.18708166666667      -7.013185369298006E-002
   6.51994916666667        1.48335208333333      -6.855921784046551E-002
   6.51994916666667        1.77962250000000      -6.693557797834168E-002
   6.51994916666667        2.07589291666667      -6.530115599037838E-002
   6.51994916666667        2.37216333333333      -6.366285584920729E-002
   6.51994916666667        2.66843375000000      -6.199201844549425E-002
   6.51994916666667        2.96470416666667      -6.021343334639820E-002
   6.51994916666667        3.26097458333333      -5.826932771093910E-002
   6.51994916666667        3.55724500000000      -5.612879162285316E-002
   6.51994916666667        3.85351541666667      -5.379485649302167E-002
   6.51994916666667        4.14978583333333      -5.130108646186184E-002
   6.51994916666667        4.44605625000000      -4.869590289982786E-002
   6.51994916666667        4.74232666666667      -4.602164321296368E-002
   6.51994916666667        5.03859708333333      -4.329232661295526E-002
   6.51994916666667        5.33486750000000      -4.054980707202224E-002
   6.51994916666667        5.63113791666667      -3.785652010319447E-002
   6.51994916666667        5.92740833333333      -3.524171078763473E-002
   6.51994916666667        6.22367875000000      -3.271944221971530E-002
   6.51994916666667        6.51994916666667      -3.026638668956103E-002
   6.51994916666667        6.81621958333333      -2.779685775601830E-002
   6.51994916666667        7.11249000000000      -2.532115193871459E-002
   6.81621958333333       2.000000000000000E-003 -6.789289883119325E-002
   6.81621958333333       0.298270416666667      -6.909058279296236E-002
   6.81621958333333       0.594540833333333      -6.897879089595280E-002
   6.81621958333333       0.890811250000000      -6.776071891696132E-002
   6.81621958333333        1.18708166666667      -6.612376513741298E-002
   6.81621958333333        1.48335208333333      -6.437037558606723E-002
   6.81621958333333        1.77962250000000      -6.263876416327974E-002
   6.81621958333333        2.07589291666667      -6.096258704014122E-002
   6.81621958333333        2.37216333333333      -5.934900797135351E-002
   6.81621958333333        2.66843375000000      -5.777855988049501E-002
   6.81621958333333        2.96470416666667      -5.615607840281317E-002
   6.81621958333333        3.26097458333333      -5.440679332324248E-002
   6.81621958333333        3.55724500000000      -5.248234350969030E-002
   6.81621958333333        3.85351541666667      -5.036964655744749E-002
   6.81621958333333        4.14978583333333      -4.809264664452947E-002
   6.81621958333333        4.44605625000000      -4.569733825231970E-002
   6.81621958333333        4.74232666666667      -4.322861360757169E-002
   6.81621958333333        5.03859708333333      -4.070964011990129E-002
   6.81621958333333        5.33486750000000      -3.816760316564822E-002
   6.81621958333333        5.63113791666667      -3.563140832428820E-002
   6.81621958333333        5.92740833333333      -3.308876714929291E-002
   6.81621958333333        6.22367875000000      -3.049593626378322E-002
   6.81621958333333        6.51994916666667      -2.779706719000609E-002
   6.81621958333333        6.81621958333333      -2.488500918020756E-002
   6.81621958333333        7.11249000000000      -2.222600904945906E-002
   7.11249000000000       2.000000000000000E-003 -6.354887976358894E-002
   7.11249000000000       0.298270416666667      -6.489065349647627E-002
   7.11249000000000       0.594540833333333      -6.450732725922163E-002
   7.11249000000000       0.890811250000000      -6.333299110912817E-002
   7.11249000000000        1.18708166666667      -6.180140598804012E-002
   7.11249000000000        1.48335208333333      -6.013612049843125E-002
   7.11249000000000        1.77962250000000      -5.847411827474392E-002
   7.11249000000000        2.07589291666667      -5.687353341839184E-002
   7.11249000000000        2.37216333333333      -5.534589595193152E-002
   7.11249000000000        2.66843375000000      -5.389107712532103E-002
   7.11249000000000        2.96470416666667      -5.240892716028105E-002
   7.11249000000000        3.26097458333333      -5.082083881560458E-002
   7.11249000000000        3.55724500000000      -4.907466232331054E-002
   7.11249000000000        3.85351541666667      -4.715271289864099E-002
   7.11249000000000        4.14978583333333      -4.507523411269032E-002
   7.11249000000000        4.44605625000000      -4.288550022744370E-002
   7.11249000000000        4.74232666666667      -4.062759423185791E-002
   7.11249000000000        5.03859708333333      -3.832629103649216E-002
   7.11249000000000        5.33486750000000      -3.598537986136807E-002
   7.11249000000000        5.63113791666667      -3.359616973255381E-002
   7.11249000000000        5.92740833333333      -3.109577306429294E-002
   7.11249000000000        6.22367875000000      -2.835918578284378E-002
   7.11249000000000        6.51994916666667      -2.532143301321451E-002
   7.11249000000000        6.81621958333333      -2.222616779360573E-002
   7.11249000000000        7.11249000000000      -1.980202010625757E-002
