  2.000000000000000E-003  2.000000000000000E-003 -0.172370207667007     
  2.000000000000000E-003  0.298270416666667      -0.173754392768171     
  2.000000000000000E-003  0.594540833333333      -0.170386924027791     
  2.000000000000000E-003  0.890811250000000      -0.161667484426764     
  2.000000000000000E-003   1.18708166666667      -0.152141148689973     
  2.000000000000000E-003   1.48335208333333      -0.143127332871242     
  2.000000000000000E-003   1.77962250000000      -0.134650649792878     
  2.000000000000000E-003   2.07589291666667      -0.126647893486013     
  2.000000000000000E-003   2.37216333333333      -0.119177675962738     
  2.000000000000000E-003   2.66843375000000      -0.112283396966063     
  2.000000000000000E-003   2.96470416666667      -0.105828562910679     
  2.000000000000000E-003   3.26097458333333      -9.968425961986785E-002
  2.000000000000000E-003   3.55724500000000      -9.373551362438927E-002
  2.000000000000000E-003   3.85351541666667      -8.791406758076944E-002
  2.000000000000000E-003   4.14978583333333      -8.223560186991027E-002
  2.000000000000000E-003   4.44605625000000      -7.679621492341747E-002
  2.000000000000000E-003   4.74232666666667      -7.173903267157544E-002
  2.000000000000000E-003   5.03859708333333      -6.720617939167844E-002
  2.000000000000000E-003   5.33486750000000      -6.330258456096290E-002
  2.000000000000000E-003   5.63113791666667      -6.014124824825220E-002
  2.000000000000000E-003   5.92740833333333      -5.777776143012098E-002
  2.000000000000000E-003   6.22367875000000      -5.611464330873491E-002
  2.000000000000000E-003   6.51994916666667      -5.474518401286908E-002
  2.000000000000000E-003   6.81621958333333      -5.253285793767899E-002
  2.000000000000000E-003   7.11249000000000      -4.907091569694787E-002
  0.298270416666667       2.000000000000000E-003 -0.183103403139432     
  0.298270416666667       0.298270416666667      -0.187506563086154     
  0.298270416666667       0.594540833333333      -0.185996595740749     
  0.298270416666667       0.890811250000000      -0.177660400986598     
  0.298270416666667        1.18708166666667      -0.167528870462718     
  0.298270416666667        1.48335208333333      -0.157368851680745     
  0.298270416666667        1.77962250000000      -0.147551333237502     
  0.298270416666667        2.07589291666667      -0.138170185154700     
  0.298270416666667        2.37216333333333      -0.129380275132590     
  0.298270416666667        2.66843375000000      -0.121283577640962     
  0.298270416666667        2.96470416666667      -0.113718748008909     
  0.298270416666667        3.26097458333333      -0.106553736049220     
  0.298270416666667        3.55724500000000      -9.968391266489135E-002
  0.298270416666667        3.85351541666667      -9.305007861371233E-002
  0.298270416666667        4.14978583333333      -8.666333689736891E-002
  0.298270416666667        4.44605625000000      -8.060342993934043E-002
  0.298270416666667        4.74232666666667      -7.499403860503344E-002
  0.298270416666667        5.03859708333333      -6.996313427005459E-002
  0.298270416666667        5.33486750000000      -6.560606270594481E-002
  0.298270416666667        5.63113791666667      -6.206380443126776E-002
  0.298270416666667        5.92740833333333      -5.945646150735671E-002
  0.298270416666667        6.22367875000000      -5.780281440233856E-002
  0.298270416666667        6.51994916666667      -5.677349014371291E-002
  0.298270416666667        6.81621958333333      -5.502495659940116E-002
  0.298270416666667        7.11249000000000      -5.150030616887388E-002
  0.594540833333333       2.000000000000000E-003 -0.195605381738733     
  0.594540833333333       0.298270416666667      -0.198771530097278     
  0.594540833333333       0.594540833333333      -0.199058458878275     
  0.594540833333333       0.890811250000000      -0.192597481770672     
  0.594540833333333        1.18708166666667      -0.182751943530841     
  0.594540833333333        1.48335208333333      -0.171814153327440     
  0.594540833333333        1.77962250000000      -0.160781092686000     
  0.594540833333333        2.07589291666667      -0.150091374024705     
  0.594540833333333        2.37216333333333      -0.140048127209414     
  0.594540833333333        2.66843375000000      -0.130730523627299     
  0.594540833333333        2.96470416666667      -0.121992386983679     
  0.594540833333333        3.26097458333333      -0.113719133128380     
  0.594540833333333        3.55724500000000      -0.105828399431599     
  0.594540833333333        3.85351541666667      -9.828323825755031E-002
  0.594540833333333        4.14978583333333      -9.110138239081006E-002
  0.594540833333333        4.44605625000000      -8.434970935404378E-002
  0.594540833333333        4.74232666666667      -7.812714720121375E-002
  0.594540833333333        5.03859708333333      -7.253569646062266E-002
  0.594540833333333        5.33486750000000      -6.765936271872615E-002
  0.594540833333333        5.63113791666667      -6.362709643887980E-002
  0.594540833333333        5.92740833333333      -6.057784649868227E-002
  0.594540833333333        6.22367875000000      -5.855034948405147E-002
  0.594540833333333        6.51994916666667      -5.722473369408243E-002
  0.594540833333333        6.81621958333333      -5.551740188655994E-002
  0.594540833333333        7.11249000000000      -5.213146036745053E-002
  0.890811250000000       2.000000000000000E-003 -0.217062634975574     
  0.890811250000000       0.298270416666667      -0.217578159729114     
  0.890811250000000       0.594540833333333      -0.215884747464416     
  0.890811250000000       0.890811250000000      -0.209316272012091     
  0.890811250000000        1.18708166666667      -0.199072700624137     
  0.890811250000000        1.48335208333333      -0.187081491645732     
  0.890811250000000        1.77962250000000      -0.174666308712250     
  0.890811250000000        2.07589291666667      -0.162604271127189     
  0.890811250000000        2.37216333333333      -0.151281689866443     
  0.890811250000000        2.66843375000000      -0.140694594161252     
  0.890811250000000        2.96470416666667      -0.130732848558174     
  0.890811250000000        3.26097458333333      -0.121285823352401     
  0.890811250000000        3.55724500000000      -0.112284307385176     
  0.890811250000000        3.85351541666667      -0.103722057187949     
  0.890811250000000        4.14978583333333      -9.564343000199106E-002
  0.890811250000000        4.44605625000000      -8.811583681920362E-002
  0.890811250000000        4.74232666666667      -8.121342766668492E-002
  0.890811250000000        5.03859708333333      -7.500865787078352E-002
  0.890811250000000        5.33486750000000      -6.956150702401424E-002
  0.890811250000000        5.63113791666667      -6.496923257636683E-002
  0.890811250000000        5.92740833333333      -6.134901430455070E-002
  0.890811250000000        6.22367875000000      -5.868847741767351E-002
  0.890811250000000        6.51994916666667      -5.666845556165800E-002
  0.890811250000000        6.81621958333333      -5.450925420733208E-002
  0.890811250000000        7.11249000000000      -5.143524546498909E-002
   1.18708166666667       2.000000000000000E-003 -0.244776996108211     
   1.18708166666667       0.298270416666667      -0.243521416691582     
   1.18708166666667       0.594540833333333      -0.238906373780984     
   1.18708166666667       0.890811250000000      -0.230134282626425     
   1.18708166666667        1.18708166666667      -0.218001603058249     
   1.18708166666667        1.48335208333333      -0.204074607427799     
   1.18708166666667        1.77962250000000      -0.189786416974997     
   1.18708166666667        2.07589291666667      -0.176084983715173     
   1.18708166666667        2.37216333333333      -0.163253439409296     
   1.18708166666667        2.66843375000000      -0.151287260185740     
   1.18708166666667        2.96470416666667      -0.140055746233190     
   1.18708166666667        3.26097458333333      -0.129386645957077     
   1.18708166666667        3.55724500000000      -0.119180791606566     
   1.18708166666667        3.85351541666667      -0.109469795859726     
   1.18708166666667        4.14978583333333      -0.100363786645365     
   1.18708166666667        4.44605625000000      -9.195838869692179E-002
   1.18708166666667        4.74232666666667      -8.430505497955838E-002
   1.18708166666667        5.03859708333333      -7.743892446922386E-002
   1.18708166666667        5.33486750000000      -7.139435085417349E-002
   1.18708166666667        5.63113791666667      -6.623125831073844E-002
   1.18708166666667        5.92740833333333      -6.202461113042062E-002
   1.18708166666667        6.22367875000000      -5.872756216484016E-002
   1.18708166666667        6.51994916666667      -5.605603546451536E-002
   1.18708166666667        6.81621958333333      -5.348055180824435E-002
   1.18708166666667        7.11249000000000      -5.051437316355176E-002
   1.48335208333333       2.000000000000000E-003 -0.276925398959911     
   1.48335208333333       0.298270416666667      -0.274493131413385     
   1.48335208333333       0.594540833333333      -0.267142250288275     
   1.48335208333333       0.890811250000000      -0.255322716839241     
   1.48335208333333        1.18708166666667      -0.240169937925848     
   1.48335208333333        1.48335208333333      -0.223395175080412     
   1.48335208333333        1.77962250000000      -0.206637011369025     
   1.48335208333333        2.07589291666667      -0.190773599251675     
   1.48335208333333        2.37216333333333      -0.176093850882461     
   1.48335208333333        2.66843375000000      -0.162619487058054     
   1.48335208333333        2.96470416666667      -0.150108213369478     
   1.48335208333333        3.26097458333333      -0.138183283883040     
   1.48335208333333        3.55724500000000      -0.126654281495985     
   1.48335208333333        3.85351541666667      -0.115602530214044     
   1.48335208333333        4.14978583333333      -0.105266815445251     
   1.48335208333333        4.44605625000000      -9.585207735067676E-002
   1.48335208333333        4.74232666666667      -8.737501942931877E-002
   1.48335208333333        5.03859708333333      -7.980904326365550E-002
   1.48335208333333        5.33486750000000      -7.315975142876599E-002
   1.48335208333333        5.63113791666667      -6.745380858962940E-002
   1.48335208333333        5.92740833333333      -6.271706366321031E-002
   1.48335208333333        6.22367875000000      -5.888964213414176E-002
   1.48335208333333        6.51994916666667      -5.571654836764060E-002
   1.48335208333333        6.81621958333333      -5.279405045892679E-002
   1.48335208333333        7.11249000000000      -4.976009565452651E-002
   1.77962250000000       2.000000000000000E-003 -0.312342138048339     
   1.77962250000000       0.298270416666667      -0.309027136924534     
   1.77962250000000       0.594540833333333      -0.299172611444552     
   1.77962250000000       0.890811250000000      -0.283992673094850     
   1.77962250000000        1.18708166666667      -0.265251529333877     
   1.77962250000000        1.48335208333333      -0.245069623353758     
   1.77962250000000        1.77962250000000      -0.225235392554590     
   1.77962250000000        2.07589291666667      -0.206647533796976     
   1.77962250000000        2.37216333333333      -0.189807267805588     
   1.77962250000000        2.66843375000000      -0.174693668214517     
   1.77962250000000        2.96470416666667      -0.160807570669459     
   1.77962250000000        3.26097458333333      -0.147570586942360     
   1.77962250000000        3.55724500000000      -0.134660183839069     
   1.77962250000000        3.85351541666667      -0.122190909990026     
   1.77962250000000        4.14978583333333      -0.110464956173469     
   1.77962250000000        4.44605625000000      -9.978010773723604E-002
   1.77962250000000        4.74232666666667      -9.029686227388548E-002
   1.77962250000000        5.03859708333333      -8.200169219190821E-002
   1.77962250000000        5.33486750000000      -7.475721523231285E-002
   1.77962250000000        5.63113791666667      -6.855585256171884E-002
   1.77962250000000        5.92740833333333      -6.338566183856614E-002
   1.77962250000000        6.22367875000000      -5.915537833722212E-002
   1.77962250000000        6.51994916666667      -5.562079669615005E-002
   1.77962250000000        6.81621958333333      -5.243019595109723E-002
   1.77962250000000        7.11249000000000      -4.926956242658497E-002
   2.07589291666667       2.000000000000000E-003 -0.349741423034780     
   2.07589291666667       0.298270416666667      -0.345447008881254     
   2.07589291666667       0.594540833333333      -0.333360414946519     
   2.07589291666667       0.890811250000000      -0.314815462547450     
   2.07589291666667        1.18708166666667      -0.292476476749856     
   2.07589291666667        1.48335208333333      -0.268567711520262     
   2.07589291666667        1.77962250000000      -0.245080048410280     
   2.07589291666667        2.07589291666667      -0.223418319887220     
   2.07589291666667        2.37216333333333      -0.204107167948032     
   2.07589291666667        2.66843375000000      -0.187120973987601     
   2.07589291666667        2.96470416666667      -0.171853356159288     
   2.07589291666667        3.26097458333333      -0.157397538459349     
   2.07589291666667        3.55724500000000      -0.143143034779518     
   2.07589291666667        3.85351541666667      -0.129158521372931     
   2.07589291666667        4.14978583333333      -0.115856469688756     
   2.07589291666667        4.44605625000000      -0.103675860615361     
   2.07589291666667        4.74232666666667      -9.294737467762339E-002
   2.07589291666667        5.03859708333333      -8.378687591192528E-002
   2.07589291666667        5.33486750000000      -7.601705743056579E-002
   2.07589291666667        5.63113791666667      -6.941603653160640E-002
   2.07589291666667        5.92740833333333      -6.391350589210908E-002
   2.07589291666667        6.22367875000000      -5.940130117978680E-002
   2.07589291666667        6.51994916666667      -5.563605855639269E-002
   2.07589291666667        6.81621958333333      -5.227312677001747E-002
   2.07589291666667        7.11249000000000      -4.900972592628654E-002
   2.37216333333333       2.000000000000000E-003 -0.387726712317099     
   2.37216333333333       0.298270416666667      -0.382818206874938     
   2.37216333333333       0.594540833333333      -0.368689867881447     
   2.37216333333333       0.890811250000000      -0.347113037799852     
   2.37216333333333        1.18708166666667      -0.320700838901871     
   2.37216333333333        1.48335208333333      -0.292483454878613     
   2.37216333333333        1.77962250000000      -0.265268973730562     
   2.37216333333333        2.07589291666667      -0.240201074840130     
   2.37216333333333        2.37216333333333      -0.218039764852208     
   2.37216333333333        2.66843375000000      -0.199120190712594     
   2.37216333333333        2.96470416666667      -0.182803236603624     
   2.37216333333333        3.26097458333333      -0.167573737854307     
   2.37216333333333        3.55724500000000      -0.152166341658467     
   2.37216333333333        3.85351541666667      -0.136528928506656     
   2.37216333333333        4.14978583333333      -0.121235342598868     
   2.37216333333333        4.44605625000000      -0.107094691057413     
   2.37216333333333        4.74232666666667      -9.485510365000603E-002
   2.37216333333333        5.03859708333333      -8.478812178128345E-002
   2.37216333333333        5.33486750000000      -7.666309574970125E-002
   2.37216333333333        5.63113791666667      -6.991138759476694E-002
   2.37216333333333        5.92740833333333      -6.424196096909184E-002
   2.37216333333333        6.22367875000000      -5.956138147850863E-002
   2.37216333333333        6.51994916666667      -5.566180823070081E-002
   2.37216333333333        6.81621958333333      -5.221214573116784E-002
   2.37216333333333        7.11249000000000      -4.890502535759587E-002
   2.66843375000000       2.000000000000000E-003 -0.425620494746548     
   2.66843375000000       0.298270416666667      -0.419874445913920     
   2.66843375000000       0.594540833333333      -0.403278287910151     
   2.66843375000000       0.890811250000000      -0.377929959972376     
   2.66843375000000        1.18708166666667      -0.347113880942846     
   2.66843375000000        1.48335208333333      -0.314831141279592     
   2.66843375000000        1.77962250000000      -0.284021636949629     
   2.66843375000000        2.07589291666667      -0.255356062674379     
   2.66843375000000        2.37216333333333      -0.230170355938557     
   2.66843375000000        2.66843375000000      -0.209362976705955     
   2.66843375000000        2.96470416666667      -0.192662318608561     
   2.66843375000000        3.26097458333333      -0.177723715897251     
   2.66843375000000        3.55724500000000      -0.161704062070478     
   2.66843375000000        3.85351541666667      -0.144226769388809     
   2.66843375000000        4.14978583333333      -0.126147581340495     
   2.66843375000000        4.44605625000000      -0.109341495049618     
   2.66843375000000        4.74232666666667      -9.541866578958111E-002
   2.66843375000000        5.03859708333333      -8.461925918129874E-002
   2.66843375000000        5.33486750000000      -7.641797574845562E-002
   2.66843375000000        5.63113791666667      -6.991946440539683E-002
   2.66843375000000        5.92740833333333      -6.435257396339816E-002
   2.66843375000000        6.22367875000000      -5.964672118163401E-002
   2.66843375000000        6.51994916666667      -5.569885607190087E-002
   2.66843375000000        6.81621958333333      -5.222334783876460E-002
   2.66843375000000        7.11249000000000      -4.891320161167374E-002
   2.96470416666667       2.000000000000000E-003 -0.457680880120877     
   2.96470416666667       0.298270416666667      -0.451073252208420     
   2.96470416666667       0.594540833333333      -0.432077432108343     
   2.96470416666667       0.890811250000000      -0.403278948278174     
   2.96470416666667        1.18708166666667      -0.368693179380973     
   2.96470416666667        1.48335208333333      -0.333394161891391     
   2.96470416666667        1.77962250000000      -0.299189182484999     
   2.96470416666667        2.07589291666667      -0.267166378144485     
   2.96470416666667        2.37216333333333      -0.238927847806497     
   2.96470416666667        2.66843375000000      -0.215916999599480     
   2.96470416666667        2.96470416666667      -0.199114250148614     
   2.96470416666667        3.26097458333333      -0.186064739489492     
   2.96470416666667        3.55724500000000      -0.170423028591094     
   2.96470416666667        3.85351541666667      -0.150958979595144     
   2.96470416666667        4.14978583333333      -0.128986944540540     
   2.96470416666667        4.44605625000000      -0.109284967906808     
   2.96470416666667        4.74232666666667      -9.422021395491480E-002
   2.96470416666667        5.03859708333333      -8.329496672569150E-002
   2.96470416666667        5.33486750000000      -7.540693548463276E-002
   2.96470416666667        5.63113791666667      -6.944490977075249E-002
   2.96470416666667        5.92740833333333      -6.426952031130506E-002
   2.96470416666667        6.22367875000000      -5.966927811608493E-002
   2.96470416666667        6.51994916666667      -5.573798550610774E-002
   2.96470416666667        6.81621958333333      -5.226975161692887E-002
   2.96470416666667        7.11249000000000      -4.897254638576005E-002
   3.26097458333333       2.000000000000000E-003 -0.479176154961678     
   3.26097458333333       0.298270416666667      -0.471873340948283     
   3.26097458333333       0.594540833333333      -0.451087084975250     
   3.26097458333333       0.890811250000000      -0.419885433741911     
   3.26097458333333        1.18708166666667      -0.382829341818922     
   3.26097458333333        1.48335208333333      -0.345473792923951     
   3.26097458333333        1.77962250000000      -0.309034324465681     
   3.26097458333333        2.07589291666667      -0.274498003230285     
   3.26097458333333        2.37216333333333      -0.243523646235980     
   3.26097458333333        2.66843375000000      -0.217576835927343     
   3.26097458333333        2.96470416666667      -0.198787123406197     
   3.26097458333333        3.26097458333333      -0.187546022117554     
   3.26097458333333        3.55724500000000      -0.173752620796530     
   3.26097458333333        3.85351541666667      -0.151933640281405     
   3.26097458333333        4.14978583333333      -0.126764173536021     
   3.26097458333333        4.44605625000000      -0.106485506254274     
   3.26097458333333        4.74232666666667      -9.187724446586165E-002
   3.26097458333333        5.03859708333333      -8.154508208986670E-002
   3.26097458333333        5.33486750000000      -7.422379495011139E-002
   3.26097458333333        5.63113791666667      -6.883164496285724E-002
   3.26097458333333        5.92740833333333      -6.410607196826193E-002
   3.26097458333333        6.22367875000000      -5.965655817290725E-002
   3.26097458333333        6.51994916666667      -5.576649234875084E-002
   3.26097458333333        6.81621958333333      -5.231469107655568E-002
   3.26097458333333        7.11249000000000      -4.903060421909687E-002
   3.55724500000000       2.000000000000000E-003 -0.486817500551813     
   3.55724500000000       0.298270416666667      -0.479215879796386     
   3.55724500000000       0.594540833333333      -0.457728518522102     
   3.55724500000000       0.890811250000000      -0.425654397000156     
   3.55724500000000        1.18708166666667      -0.387748843070381     
   3.55724500000000        1.48335208333333      -0.349772468810071     
   3.55724500000000        1.77962250000000      -0.312345156049987     
   3.55724500000000        2.07589291666667      -0.276922064142838     
   3.55724500000000        2.37216333333333      -0.244767681552292     
   3.55724500000000        2.66843375000000      -0.217061945361486     
   3.55724500000000        2.96470416666667      -0.195633784496516     
   3.55724500000000        3.26097458333333      -0.183194308931356     
   3.55724500000000        3.55724500000000      -0.172386991847151     
   3.55724500000000        3.85351541666667      -0.147085955353372     
   3.55724500000000        4.14978583333333      -0.123054035094489     
   3.55724500000000        4.44605625000000      -0.104355967867553     
   3.55724500000000        4.74232666666667      -9.060623611277178E-002
   3.55724500000000        5.03859708333333      -8.073205810784352E-002
   3.55724500000000        5.33486750000000      -7.372758400576652E-002
   3.55724500000000        5.63113791666667      -6.855017796576068E-002
   3.55724500000000        5.92740833333333      -6.402516785348067E-002
   3.55724500000000        6.22367875000000      -5.964652336365787E-002
   3.55724500000000        6.51994916666667      -5.577693727864004E-002
   3.55724500000000        6.81621958333333      -5.233269571075640E-002
   3.55724500000000        7.11249000000000      -4.905362428228367E-002
   3.85351541666667       2.000000000000000E-003 -0.479178272511901     
   3.85351541666667       0.298270416666667      -0.471873890153580     
   3.85351541666667       0.594540833333333      -0.451086383368541     
   3.85351541666667       0.890811250000000      -0.419883831646513     
   3.85351541666667        1.18708166666667      -0.382827358423364     
   3.85351541666667        1.48335208333333      -0.345471673604041     
   3.85351541666667        1.77962250000000      -0.309032288099489     
   3.85351541666667        2.07589291666667      -0.274496160482374     
   3.85351541666667        2.37216333333333      -0.243521916994191     
   3.85351541666667        2.66843375000000      -0.217574936838535     
   3.85351541666667        2.96470416666667      -0.198784765418568     
   3.85351541666667        3.26097458333333      -0.187543957024676     
   3.85351541666667        3.55724500000000      -0.173752337846408     
   3.85351541666667        3.85351541666667      -0.151936757805830     
   3.85351541666667        4.14978583333333      -0.126769441933309     
   3.85351541666667        4.44605625000000      -0.106490768721186     
   3.85351541666667        4.74232666666667      -9.188169971481154E-002
   3.85351541666667        5.03859708333333      -8.154856873707964E-002
   3.85351541666667        5.33486750000000      -7.422640711895057E-002
   3.85351541666667        5.63113791666667      -6.883363525431746E-002
   3.85351541666667        5.92740833333333      -6.410773380166178E-002
   3.85351541666667        6.22367875000000      -5.965796317392649E-002
   3.85351541666667        6.51994916666667      -5.576771755537905E-002
   3.85351541666667        6.81621958333333      -5.231581817625010E-002
   3.85351541666667        7.11249000000000      -4.903170429691340E-002
   4.14978583333333       2.000000000000000E-003 -0.457684628961010     
   4.14978583333333       0.298270416666667      -0.451074330624787     
   4.14978583333333       0.594540833333333      -0.432076232865379     
   4.14978583333333       0.890811250000000      -0.403276253952636     
   4.14978583333333        1.18708166666667      -0.368689828242935     
   4.14978583333333        1.48335208333333      -0.333390650762344     
   4.14978583333333        1.77962250000000      -0.299185886116953     
   4.14978583333333        2.07589291666667      -0.267163582098858     
   4.14978583333333        2.37216333333333      -0.238925628354964     
   4.14978583333333        2.66843375000000      -0.215915497817253     
   4.14978583333333        2.96470416666667      -0.199114005743955     
   4.14978583333333        3.26097458333333      -0.186066446513404     
   4.14978583333333        3.55724500000000      -0.170425265913692     
   4.14978583333333        3.85351541666667      -0.150962716237198     
   4.14978583333333        4.14978583333333      -0.128993774259123     
   4.14978583333333        4.44605625000000      -0.109292979368511     
   4.14978583333333        4.74232666666667      -9.422765555671503E-002
   4.14978583333333        5.03859708333333      -8.330108933773626E-002
   4.14978583333333        5.33486750000000      -7.541168254172637E-002
   4.14978583333333        5.63113791666667      -6.944863927491647E-002
   4.14978583333333        5.92740833333333      -6.427264261766688E-002
   4.14978583333333        6.22367875000000      -5.967190929387475E-002
   4.14978583333333        6.51994916666667      -5.574028088367571E-002
   4.14978583333333        6.81621958333333      -5.227187167894401E-002
   4.14978583333333        7.11249000000000      -4.897462769714576E-002
   4.44605625000000       2.000000000000000E-003 -0.425625325000358     
   4.44605625000000       0.298270416666667      -0.419875940773922     
   4.44605625000000       0.594540833333333      -0.403276985554718     
   4.44605625000000       0.890811250000000      -0.377926847261573     
   4.44605625000000        1.18708166666667      -0.347110036728942     
   4.44605625000000        1.48335208333333      -0.314827319856139     
   4.44605625000000        1.77962250000000      -0.284018185725429     
   4.44605625000000        2.07589291666667      -0.255353365175248     
   4.44605625000000        2.37216333333333      -0.230168683442465     
   4.44605625000000        2.66843375000000      -0.209362628719463     
   4.44605625000000        2.96470416666667      -0.192663710903672     
   4.44605625000000        3.26097458333333      -0.177726710456520     
   4.44605625000000        3.55724500000000      -0.161707769383029     
   4.44605625000000        3.85351541666667      -0.144231815605840     
   4.44605625000000        4.14978583333333      -0.126155040382503     
   4.44605625000000        4.44605625000000      -0.109350456198404     
   4.44605625000000        4.74232666666667      -9.542749607197604E-002
   4.44605625000000        5.03859708333333      -8.462689862450841E-002
   4.44605625000000        5.33486750000000      -7.642415288589351E-002
   4.44605625000000        5.63113791666667      -6.992451940785425E-002
   4.44605625000000        5.92740833333333      -6.435678122961223E-002
   4.44605625000000        6.22367875000000      -5.965026252074182E-002
   4.44605625000000        6.51994916666667      -5.570195964298998E-002
   4.44605625000000        6.81621958333333      -5.222624271531033E-002
   4.44605625000000        7.11249000000000      -4.891607976373820E-002
   4.74232666666667       2.000000000000000E-003 -0.387731877071479     
   4.74232666666667       0.298270416666667      -0.382819921852923     
   4.74232666666667       0.594540833333333      -0.368688714600740     
   4.74232666666667       0.890811250000000      -0.347110161884953     
   4.74232666666667        1.18708166666667      -0.320697353134033     
   4.74232666666667        1.48335208333333      -0.292480211396298     
   4.74232666666667        1.77962250000000      -0.265266294515633     
   4.74232666666667        2.07589291666667      -0.240199266142052     
   4.74232666666667        2.37216333333333      -0.218039075411418     
   4.74232666666667        2.66843375000000      -0.199120819745524     
   4.74232666666667        2.96470416666667      -0.182805289203659     
   4.74232666666667        3.26097458333333      -0.167577062672100     
   4.74232666666667        3.55724500000000      -0.152170738145275     
   4.74232666666667        3.85351541666667      -0.136534837063308     
   4.74232666666667        4.14978583333333      -0.121243169023082     
   4.74232666666667        4.44605625000000      -0.107103834741816     
   4.74232666666667        4.74232666666667      -9.486430377024288E-002
   4.74232666666667        5.03859708333333      -8.479636264123523E-002
   4.74232666666667        5.33486750000000      -7.667002826330895E-002
   4.74232666666667        5.63113791666667      -6.991718725140277E-002
   4.74232666666667        5.92740833333333      -6.424677959724104E-002
   4.74232666666667        6.22367875000000      -5.956545499395984E-002
   4.74232666666667        6.51994916666667      -5.566542238072499E-002
   4.74232666666667        6.81621958333333      -5.221560106159074E-002
   4.74232666666667        7.11249000000000      -4.890854594094179E-002
   5.03859708333333       2.000000000000000E-003 -0.349746341468629     
   5.03859708333333       0.298270416666667      -0.345448606187919     
   5.03859708333333       0.594540833333333      -0.333359391265078     
   5.03859708333333       0.890811250000000      -0.314813063349400     
   5.03859708333333        1.18708166666667      -0.292473789442248     
   5.03859708333333        1.48335208333333      -0.268565509066600     
   5.03859708333333        1.77962250000000      -0.245078639742322     
   5.03859708333333        2.07589291666667      -0.223417754629224     
   5.03859708333333        2.37216333333333      -0.204107604045316     
   5.03859708333333        2.66843375000000      -0.187122507795618     
   5.03859708333333        2.96470416666667      -0.171856006871361     
   5.03859708333333        3.26097458333333      -0.157401297111336     
   5.03859708333333        3.55724500000000      -0.143147998722808     
   5.03859708333333        3.85351541666667      -0.129164963691850     
   5.03859708333333        4.14978583333333      -0.115864463112067     
   5.03859708333333        4.44605625000000      -0.103684848805477     
   5.03859708333333        4.74232666666667      -9.295639174869302E-002
   5.03859708333333        5.03859708333333      -8.379509017803724E-002
   5.03859708333333        5.33486750000000      -7.602414824199340E-002
   5.03859708333333        5.63113791666667      -6.942198898385846E-002
   5.03859708333333        5.92740833333333      -6.391847359748644E-002
   5.03859708333333        6.22367875000000      -5.940557382575359E-002
   5.03859708333333        6.51994916666667      -5.563999386214674E-002
   5.03859708333333        6.81621958333333      -5.227708783909885E-002
   5.03859708333333        7.11249000000000      -4.901394292529419E-002
   5.33486750000000       2.000000000000000E-003 -0.312346312693914     
   5.33486750000000       0.298270416666667      -0.309028479470734     
   5.33486750000000       0.594540833333333      -0.299171741054480     
   5.33486750000000       0.890811250000000      -0.283990738333423     
   5.33486750000000        1.18708166666667      -0.265249687285185     
   5.33486750000000        1.48335208333333      -0.245068528110838     
   5.33486750000000        1.77962250000000      -0.225235184737569     
   5.33486750000000        2.07589291666667      -0.206648196695682     
   5.33486750000000        2.37216333333333      -0.189808801461743     
   5.33486750000000        2.66843375000000      -0.174696137469939     
   5.33486750000000        2.96470416666667      -0.160810998086079     
   5.33486750000000        3.26097458333333      -0.147575035402179     
   5.33486750000000        3.55724500000000      -0.134665798948038     
   5.33486750000000        3.85351541666667      -0.122197789270112     
   5.33486750000000        4.14978583333333      -0.110472981853532     
   5.33486750000000        4.44605625000000      -9.978875091490204E-002
   5.33486750000000        4.74232666666667      -9.030536751170345E-002
   5.33486750000000        5.03859708333333      -8.200943095540317E-002
   5.33486750000000        5.33486750000000      -7.476391058620643E-002
   5.33486750000000        5.63113791666667      -6.856149866368595E-002
   5.33486750000000        5.92740833333333      -6.339046796029287E-002
   5.33486750000000        6.22367875000000      -5.915965140984736E-002
   5.33486750000000        6.51994916666667      -5.562501093778800E-002
   5.33486750000000        6.81621958333333      -5.243478638383595E-002
   5.33486750000000        7.11249000000000      -4.927464489620059E-002
   5.63113791666667       2.000000000000000E-003 -0.276928252368946     
   5.63113791666667       0.298270416666667      -0.274493700591206     
   5.63113791666667       0.594540833333333      -0.267141353649722     
   5.63113791666667       0.890811250000000      -0.255321362158279     
   5.63113791666667        1.18708166666667      -0.240168957887110     
   5.63113791666667        1.48335208333333      -0.223395007466547     
   5.63113791666667        1.77962250000000      -0.206637804370411     
   5.63113791666667        2.07589291666667      -0.190775265778164     
   5.63113791666667        2.37216333333333      -0.176096332737110     
   5.63113791666667        2.66843375000000      -0.162622828125708     
   5.63113791666667        2.96470416666667      -0.150112479645619     
   5.63113791666667        3.26097458333333      -0.138188520395622     
   5.63113791666667        3.55724500000000      -0.126660521435019     
   5.63113791666667        3.85351541666667      -0.115609712512914     
   5.63113791666667        4.14978583333333      -0.105274692642399     
   5.63113791666667        4.44605625000000      -9.586013897309555E-002
   5.63113791666667        4.74232666666667      -8.738273074944466E-002
   5.63113791666667        5.03859708333333      -7.981596235383205E-002
   5.63113791666667        5.33486750000000      -7.316569416004307E-002
   5.63113791666667        5.63113791666667      -6.745884769712571E-002
   5.63113791666667        5.92740833333333      -6.272132858020178E-002
   5.63113791666667        6.22367875000000      -5.889361531818450E-002
   5.63113791666667        6.51994916666667      -5.572093911873496E-002
   5.63113791666667        6.81621958333333      -5.279936623269365E-002
   5.63113791666667        7.11249000000000      -4.976621661572132E-002
   5.92740833333333       2.000000000000000E-003 -0.244778328210405     
   5.92740833333333       0.298270416666667      -0.243520988450321     
   5.92740833333333       0.594540833333333      -0.238905360601322     
   5.92740833333333       0.890811250000000      -0.230133585480214     
   5.92740833333333        1.18708166666667      -0.218001560419145     
   5.92740833333333        1.48335208333333      -0.204075379540583     
   5.92740833333333        1.77962250000000      -0.189788087429165     
   5.92740833333333        2.07589291666667      -0.176087499589094     
   5.92740833333333        2.37216333333333      -0.163256756329078     
   5.92740833333333        2.66843375000000      -0.151291401882696     
   5.92740833333333        2.96470416666667      -0.140060747664582     
   5.92740833333333        3.26097458333333      -0.129392498096493     
   5.92740833333333        3.55724500000000      -0.119187419058070     
   5.92740833333333        3.85351541666667      -0.109477004018390     
   5.92740833333333        4.14978583333333      -0.100371267120171     
   5.92740833333333        4.44605625000000      -9.196573159090346E-002
   5.92740833333333        4.74232666666667      -8.431183838822967E-002
   5.92740833333333        5.03859708333333      -7.744483329367814E-002
   5.92740833333333        5.33486750000000      -7.139932110570886E-002
   5.92740833333333        5.63113791666667      -6.623525425492624E-002
   5.92740833333333        5.92740833333333      -6.202786601708319E-002
   5.92740833333333        6.22367875000000      -5.873083981840388E-002
   5.92740833333333        6.51994916666667      -5.606043632135201E-002
   5.92740833333333        6.81621958333333      -5.348675620774267E-002
   5.92740833333333        7.11249000000000      -5.052180049120811E-002
   6.22367875000000       2.000000000000000E-003 -0.217062574089888     
   6.22367875000000       0.298270416666667      -0.217576644631763     
   6.22367875000000       0.594540833333333      -0.215883822514801     
   6.22367875000000       0.890811250000000      -0.209316456814608     
   6.22367875000000        1.18708166666667      -0.199073689831291     
   6.22367875000000        1.48335208333333      -0.187083205857399     
   6.22367875000000        1.77962250000000      -0.174668817514367     
   6.22367875000000        2.07589291666667      -0.162607604246032     
   6.22367875000000        2.37216333333333      -0.151285811817264     
   6.22367875000000        2.66843375000000      -0.140699516548900     
   6.22367875000000        2.96470416666667      -0.130738531620264     
   6.22367875000000        3.26097458333333      -0.121292167203581     
   6.22367875000000        3.55724500000000      -0.112291136918395     
   6.22367875000000        3.85351541666667      -0.103729121794789     
   6.22367875000000        4.14978583333333      -9.565041199599489E-002
   6.22367875000000        4.44605625000000      -8.812238578881984E-002
   6.22367875000000        4.74232666666667      -8.121921968820313E-002
   6.22367875000000        5.03859708333333      -7.501347461205066E-002
   6.22367875000000        5.33486750000000      -6.956527389720461E-002
   6.22367875000000        5.63113791666667      -6.497191764469791E-002
   6.22367875000000        5.92740833333333      -6.135094457681112E-002
   6.22367875000000        6.22367875000000      -5.869064872689215E-002
   6.22367875000000        6.51994916666667      -5.667253654991201E-002
   6.22367875000000        6.81621958333333      -5.451647694010701E-002
   6.22367875000000        7.11249000000000      -5.144427499987919E-002
   6.51994916666667       2.000000000000000E-003 -0.195604400392615     
   6.51994916666667       0.298270416666667      -0.198769064947619     
   6.51994916666667       0.594540833333333      -0.199058336543628     
   6.51994916666667       0.890811250000000      -0.192598956920088     
   6.51994916666667        1.18708166666667      -0.182754060479697     
   6.51994916666667        1.48335208333333      -0.171816813181112     
   6.51994916666667        1.77962250000000      -0.160784475313440     
   6.51994916666667        2.07589291666667      -0.150095568295458     
   6.51994916666667        2.37216333333333      -0.140053081134955     
   6.51994916666667        2.66843375000000      -0.130736184379844     
   6.51994916666667        2.96470416666667      -0.121998641790337     
   6.51994916666667        3.26097458333333      -0.113725808933618     
   6.51994916666667        3.55724500000000      -0.105835252464946     
   6.51994916666667        3.85351541666667      -9.828999426244102E-002
   6.51994916666667        4.14978583333333      -9.110775723415995E-002
   6.51994916666667        4.44605625000000      -8.435543217379766E-002
   6.51994916666667        4.74232666666667      -7.813197743011016E-002
   6.51994916666667        5.03859708333333      -7.253945471605185E-002
   6.51994916666667        5.33486750000000      -6.766199222430554E-002
   6.51994916666667        5.63113791666667      -6.362861734986659E-002
   6.51994916666667        5.92740833333333      -6.057854372757134E-002
   6.51994916666667        6.22367875000000      -5.855115030202653E-002
   6.51994916666667        6.51994916666667      -5.722768067669016E-002
   6.51994916666667        6.81621958333333      -5.552486926328280E-002
   6.51994916666667        7.11249000000000      -5.214156015257112E-002
   6.81621958333333       2.000000000000000E-003 -0.183102019661573     
   6.81621958333333       0.298270416666667      -0.187504135342301     
   6.81621958333333       0.594540833333333      -0.185997981696677     
   6.81621958333333       0.890811250000000      -0.177663135348651     
   6.81621958333333        1.18708166666667      -0.167532033209123     
   6.81621958333333        1.48335208333333      -0.157372490814659     
   6.81621958333333        1.77962250000000      -0.147555674729975     
   6.81621958333333        2.07589291666667      -0.138175317180548     
   6.81621958333333        2.37216333333333      -0.129386058994001     
   6.81621958333333        2.66843375000000      -0.121289883620368     
   6.81621958333333        2.96470416666667      -0.113725407517231     
   6.81621958333333        3.26097458333333      -0.106560523111502     
   6.81621958333333        3.55724500000000      -9.969057169349008E-002
   6.81621958333333        3.85351541666667      -9.305636700710990E-002
   6.81621958333333        4.14978583333333      -8.666904407941618E-002
   6.81621958333333        4.44605625000000      -8.060837836822686E-002
   6.81621958333333        4.74232666666667      -7.499806170980598E-002
   6.81621958333333        5.03859708333333      -6.996608572464369E-002
   6.81621958333333        5.33486750000000      -6.560800815894789E-002
   6.81621958333333        5.63113791666667      -6.206482149860806E-002
   6.81621958333333        5.92740833333333      -5.945671212459937E-002
   6.81621958333333        6.22367875000000      -5.780281048584261E-002
   6.81621958333333        6.51994916666667      -5.677457154358541E-002
   6.81621958333333        6.81621958333333      -5.502954654047362E-002
   6.81621958333333        7.11249000000000      -5.150810072060549E-002
   7.11249000000000       2.000000000000000E-003 -0.172369371433562     
   7.11249000000000       0.298270416666667      -0.173753304479557     
   7.11249000000000       0.594540833333333      -0.170388579795004     
   7.11249000000000       0.890811250000000      -0.161670834133176     
   7.11249000000000        1.18708166666667      -0.152145342442349     
   7.11249000000000        1.48335208333333      -0.143132165680844     
   7.11249000000000        1.77962250000000      -0.134656160865897     
   7.11249000000000        2.07589291666667      -0.126654043243772     
   7.11249000000000        2.37216333333333      -0.119184242509049     
   7.11249000000000        2.66843375000000      -0.112290190413923     
   7.11249000000000        2.96470416666667      -0.105835391206374     
   7.11249000000000        3.26097458333333      -9.969091360581644E-002
   7.11249000000000        3.55724500000000      -9.374178461761307E-002
   7.11249000000000        3.85351541666667      -8.791978660876303E-002
   7.11249000000000        4.14978583333333      -8.224065586308599E-002
   7.11249000000000        4.44605625000000      -7.680053810922190E-002
   7.11249000000000        4.74232666666667      -7.174254150671408E-002
   7.11249000000000        5.03859708333333      -6.720879201199689E-002
   7.11249000000000        5.33486750000000      -6.330451399988450E-002
   7.11249000000000        5.63113791666667      -6.014266839178580E-002
   7.11249000000000        5.92740833333333      -5.777883666313819E-002
   7.11249000000000        6.22367875000000      -5.611566481135814E-002
   7.11249000000000        6.51994916666667      -5.474672196554581E-002
   7.11249000000000        6.81621958333333      -5.253558931128972E-002
   7.11249000000000        7.11249000000000      -4.907443231411500E-002
