  2.000000000000000E-003  2.000000000000000E-003 -0.290239915377757     
  2.000000000000000E-003  0.298270416666667      -0.299594543185725     
  2.000000000000000E-003  0.594540833333333      -0.305638825494154     
  2.000000000000000E-003  0.890811250000000      -0.314435144530513     
  2.000000000000000E-003   1.18708166666667      -0.321695113209572     
  2.000000000000000E-003   1.48335208333333      -0.324460243570116     
  2.000000000000000E-003   1.77962250000000      -0.321210114412228     
  2.000000000000000E-003   2.07589291666667      -0.312056467466095     
  2.000000000000000E-003   2.37216333333333      -0.298516907391184     
  2.000000000000000E-003   2.66843375000000      -0.283187900702705     
  2.000000000000000E-003   2.96470416666667      -0.265343028519334     
  2.000000000000000E-003   3.26097458333333      -0.245568200664885     
  2.000000000000000E-003   3.55724500000000      -0.225237329030224     
  2.000000000000000E-003   3.85351541666667      -0.205618229358279     
  2.000000000000000E-003   4.14978583333333      -0.187457210657880     
  2.000000000000000E-003   4.44605625000000      -0.170960142910019     
  2.000000000000000E-003   4.74232666666667      -0.156071510515962     
  2.000000000000000E-003   5.03859708333333      -0.142770326031822     
  2.000000000000000E-003   5.33486750000000      -0.131129694393044     
  2.000000000000000E-003   5.63113791666667      -0.121258151294207     
  2.000000000000000E-003   5.92740833333333      -0.113205092114229     
  2.000000000000000E-003   6.22367875000000      -0.106822172541775     
  2.000000000000000E-003   6.51994916666667      -0.101706018664800     
  2.000000000000000E-003   6.81621958333333      -9.672589942786876E-002
  2.000000000000000E-003   7.11249000000000      -9.042597341407436E-002
  0.298270416666667       2.000000000000000E-003 -0.299594446933484     
  0.298270416666667       0.298270416666667      -0.295128184098209     
  0.298270416666667       0.594540833333333      -0.312063259596599     
  0.298270416666667       0.890811250000000      -0.338921319507153     
  0.298270416666667        1.18708166666667      -0.357442985236539     
  0.298270416666667        1.48335208333333      -0.365280135499349     
  0.298270416666667        1.77962250000000      -0.363244450795856     
  0.298270416666667        2.07589291666667      -0.352379567368839     
  0.298270416666667        2.37216333333333      -0.335881956070611     
  0.298270416666667        2.66843375000000      -0.317073898243501     
  0.298270416666667        2.96470416666667      -0.294941145947544     
  0.298270416666667        3.26097458333333      -0.270459530788410     
  0.298270416666667        3.55724500000000      -0.245573256330634     
  0.298270416666667        3.85351541666667      -0.221965624848681     
  0.298270416666667        4.14978583333333      -0.200523720981917     
  0.298270416666667        4.44605625000000      -0.181397490275967     
  0.298270416666667        4.74232666666667      -0.164398424764890     
  0.298270416666667        5.03859708333333      -0.149374734420073     
  0.298270416666667        5.33486750000000      -0.136325024727952     
  0.298270416666667        5.63113791666667      -0.125354234478507     
  0.298270416666667        5.92740833333333      -0.116576370773724     
  0.298270416666667        6.22367875000000      -0.110021342163980     
  0.298270416666667        6.51994916666667      -0.105463639079193     
  0.298270416666667        6.81621958333333      -0.101273248686377     
  0.298270416666667        7.11249000000000      -9.388583698247645E-002
  0.594540833333333       2.000000000000000E-003 -0.305638687276245     
  0.594540833333333       0.298270416666667      -0.312063501333595     
  0.594540833333333       0.594540833333333      -0.336421805047991     
  0.594540833333333       0.890811250000000      -0.370289070117472     
  0.594540833333333        1.18708166666667      -0.395520800321426     
  0.594540833333333        1.48335208333333      -0.407156472754249     
  0.594540833333333        1.77962250000000      -0.405912456544390     
  0.594540833333333        2.07589291666667      -0.393252294657400     
  0.594540833333333        2.37216333333333      -0.373810764837522     
  0.594540833333333        2.66843375000000      -0.351298052305275     
  0.594540833333333        2.96470416666667      -0.324451332946544     
  0.594540833333333        3.26097458333333      -0.294942726571214     
  0.594540833333333        3.55724500000000      -0.265351102604357     
  0.594540833333333        3.85351541666667      -0.237720695050711     
  0.594540833333333        4.14978583333333      -0.212995462935386     
  0.594540833333333        4.44605625000000      -0.191217221775046     
  0.594540833333333        4.74232666666667      -0.172062683494072     
  0.594540833333333        5.03859708333333      -0.155275406247758     
  0.594540833333333        5.33486750000000      -0.140808578395514     
  0.594540833333333        5.63113791666667      -0.128751082483627     
  0.594540833333333        5.92740833333333      -0.119216122763832     
  0.594540833333333        6.22367875000000      -0.112216919011323     
  0.594540833333333        6.51994916666667      -0.107255523158564     
  0.594540833333333        6.81621958333333      -0.102185744638158     
  0.594540833333333        7.11249000000000      -9.416090500263918E-002
  0.890811250000000       2.000000000000000E-003 -0.314434979617614     
  0.890811250000000       0.298270416666667      -0.338921398761221     
  0.890811250000000       0.594540833333333      -0.370289070065800     
  0.890811250000000       0.890811250000000      -0.405150591054845     
  0.890811250000000        1.18708166666667      -0.432297891195231     
  0.890811250000000        1.48335208333333      -0.445912667448583     
  0.890811250000000        1.77962250000000      -0.444479987118632     
  0.890811250000000        2.07589291666667      -0.429418046294935     
  0.890811250000000        2.37216333333333      -0.408709051954965     
  0.890811250000000        2.66843375000000      -0.382705615570295     
  0.890811250000000        2.96470416666667      -0.351300647445362     
  0.890811250000000        3.26097458333333      -0.317079917972252     
  0.890811250000000        3.55724500000000      -0.283201893368372     
  0.890811250000000        3.85351541666667      -0.251950127816016     
  0.890811250000000        4.14978583333333      -0.224242400137861     
  0.890811250000000        4.44605625000000      -0.199989202335191     
  0.890811250000000        4.74232666666667      -0.178764986385297     
  0.890811250000000        5.03859708333333      -0.160271751154663     
  0.890811250000000        5.33486750000000      -0.144434601576245     
  0.890811250000000        5.63113791666667      -0.131301528652149     
  0.890811250000000        5.92740833333333      -0.120855515143816     
  0.890811250000000        6.22367875000000      -0.112850106282099     
  0.890811250000000        6.51994916666667      -0.106490108319763     
  0.890811250000000        6.81621958333333      -0.100109568693710     
  0.890811250000000        7.11249000000000      -9.240021873622639E-002
   1.18708166666667       2.000000000000000E-003 -0.321694724301417     
   1.18708166666667       0.298270416666667      -0.357442656080572     
   1.18708166666667       0.594540833333333      -0.395520440572266     
   1.18708166666667       0.890811250000000      -0.432297593505619     
   1.18708166666667        1.18708166666667      -0.460626599448281     
   1.18708166666667        1.48335208333333      -0.475035766883711     
   1.18708166666667        1.77962250000000      -0.472999438333147     
   1.18708166666667        2.07589291666667      -0.458057467317456     
   1.18708166666667        2.37216333333333      -0.437251506597300     
   1.18708166666667        2.66843375000000      -0.408728537661946     
   1.18708166666667        2.96470416666667      -0.373836641908380     
   1.18708166666667        3.26097458333333      -0.335911849819560     
   1.18708166666667        3.55724500000000      -0.298550951065957     
   1.18708166666667        3.85351541666667      -0.264257455905634     
   1.18708166666667        4.14978583333333      -0.233948288514199     
   1.18708166666667        4.44605625000000      -0.207439085519623     
   1.18708166666667        4.74232666666667      -0.184269580408017     
   1.18708166666667        5.03859708333333      -0.164177336866701     
   1.18708166666667        5.33486750000000      -0.147089939627677     
   1.18708166666667        5.63113791666667      -0.132968933095182     
   1.18708166666667        5.92740833333333      -0.121609446471366     
   1.18708166666667        6.22367875000000      -0.112534365250778     
   1.18708166666667        6.51994916666667      -0.104929728816446     
   1.18708166666667        6.81621958333333      -9.772750355649454E-002
   1.18708166666667        7.11249000000000      -9.023616782186157E-002
   1.48335208333333       2.000000000000000E-003 -0.324459451607672     
   1.48335208333333       0.298270416666667      -0.365279257565741     
   1.48335208333333       0.594540833333333      -0.407155548291900     
   1.48335208333333       0.890811250000000      -0.445911842700926     
   1.48335208333333        1.18708166666667      -0.475035262609839     
   1.48335208333333        1.48335208333333      -0.489219215599013     
   1.48335208333333        1.77962250000000      -0.487630997353562     
   1.48335208333333        2.07589291666667      -0.477444787896028     
   1.48335208333333        2.37216333333333      -0.458116712663372     
   1.48335208333333        2.66843375000000      -0.429513332183369     
   1.48335208333333        2.96470416666667      -0.393366704567619     
   1.48335208333333        3.26097458333333      -0.352458475700509     
   1.48335208333333        3.55724500000000      -0.312128846070790     
   1.48335208333333        3.85351541666667      -0.275070635122749     
   1.48335208333333        4.14978583333333      -0.242338550222357     
   1.48335208333333        4.44605625000000      -0.213556269087229     
   1.48335208333333        4.74232666666667      -0.188446684192916     
   1.48335208333333        5.03859708333333      -0.166846721154198     
   1.48335208333333        5.33486750000000      -0.148690953755941     
   1.48335208333333        5.63113791666667      -0.133777287805990     
   1.48335208333333        5.92740833333333      -0.121693603010736     
   1.48335208333333        6.22367875000000      -0.111806296036144     
   1.48335208333333        6.51994916666667      -0.103356190449248     
   1.48335208333333        6.81621958333333      -9.562744296020483E-002
   1.48335208333333        7.11249000000000      -8.816695189556098E-002
   1.77962250000000       2.000000000000000E-003 -0.321208848438965     
   1.77962250000000       0.298270416666667      -0.363242988928532     
   1.77962250000000       0.594540833333333      -0.405910915969095     
   1.77962250000000       0.890811250000000      -0.444478563837195     
   1.77962250000000        1.18708166666667      -0.472998359514148     
   1.77962250000000        1.48335208333333      -0.487630430352662     
   1.77962250000000        1.77962250000000      -0.492485464665130     
   1.77962250000000        2.07589291666667      -0.487731287592876     
   1.77962250000000        2.37216333333333      -0.473124200507010     
   1.77962250000000        2.66843375000000      -0.444634586514468     
   1.77962250000000        2.96470416666667      -0.406003120109411     
   1.77962250000000        3.26097458333333      -0.363320127363413     
   1.77962250000000        3.55724500000000      -0.321287586646052     
   1.77962250000000        3.85351541666667      -0.282865887496067     
   1.77962250000000        4.14978583333333      -0.248461927366374     
   1.77962250000000        4.44605625000000      -0.217978073198360     
   1.77962250000000        4.74232666666667      -0.191148874158228     
   1.77962250000000        5.03859708333333      -0.168132673130874     
   1.77962250000000        5.33486750000000      -0.149132929275036     
   1.77962250000000        5.63113791666667      -0.133718303926683     
   1.77962250000000        5.92740833333333      -0.121199684475028     
   1.77962250000000        6.22367875000000      -0.110811820055307     
   1.77962250000000        6.51994916666667      -0.101844912002234     
   1.77962250000000        6.81621958333333      -9.377525284129593E-002
   1.77962250000000        7.11249000000000      -8.628461333720776E-002
   2.07589291666667       2.000000000000000E-003 -0.312054762699526     
   2.07589291666667       0.298270416666667      -0.352377602306129     
   2.07589291666667       0.594540833333333      -0.393250228039382     
   2.07589291666667       0.890811250000000      -0.429416112065801     
   2.07589291666667        1.18708166666667      -0.458055867579465     
   2.07589291666667        1.48335208333333      -0.477443667810352     
   2.07589291666667        1.77962250000000      -0.487730721067723     
   2.07589291666667        2.07589291666667      -0.489407502348680     
   2.07589291666667        2.37216333333333      -0.475221415659161     
   2.07589291666667        2.66843375000000      -0.446086882606623     
   2.07589291666667        2.96470416666667      -0.407290916878767     
   2.07589291666667        3.26097458333333      -0.365377169045926     
   2.07589291666667        3.55724500000000      -0.324559566250726     
   2.07589291666667        3.85351541666667      -0.286451426380422     
   2.07589291666667        4.14978583333333      -0.251284602252870     
   2.07589291666667        4.44605625000000      -0.219545777552463     
   2.07589291666667        4.74232666666667      -0.191608845314205     
   2.07589291666667        5.03859708333333      -0.167770120420999     
   2.07589291666667        5.33486750000000      -0.148318951189233     
   2.07589291666667        5.63113791666667      -0.132755537276876     
   2.07589291666667        5.92740833333333      -0.120105028635167     
   2.07589291666667        6.22367875000000      -0.109487000925334     
   2.07589291666667        6.51994916666667      -0.100253763530523     
   2.07589291666667        6.81621958333333      -9.201045254033660E-002
   2.07589291666667        7.11249000000000      -8.453628168261115E-002
   2.37216333333333       2.000000000000000E-003 -0.298514871573281     
   2.37216333333333       0.298270416666667      -0.335879622880805     
   2.37216333333333       0.594540833333333      -0.373808305353778     
   2.37216333333333       0.890811250000000      -0.408706685977363     
   2.37216333333333        1.18708166666667      -0.437249447202739     
   2.37216333333333        1.48335208333333      -0.458115112294856     
   2.37216333333333        1.77962250000000      -0.473123124995739     
   2.37216333333333        2.07589291666667      -0.475220915597371     
   2.37216333333333        2.37216333333333      -0.460777286683572     
   2.37216333333333        2.66843375000000      -0.432429658703325     
   2.37216333333333        2.96470416666667      -0.395629050133061     
   2.37216333333333        3.26097458333333      -0.357569983396587     
   2.37216333333333        3.55724500000000      -0.321823640584392     
   2.37216333333333        3.85351541666667      -0.286577834045305     
   2.37216333333333        4.14978583333333      -0.251331783380629     
   2.37216333333333        4.44605625000000      -0.218550591620002     
   2.37216333333333        4.74232666666667      -0.189899784790512     
   2.37216333333333        5.03859708333333      -0.165753410509492     
   2.37216333333333        5.33486750000000      -0.146188135888188     
   2.37216333333333        5.63113791666667      -0.130892781033065     
   2.37216333333333        5.92740833333333      -0.118384910801758     
   2.37216333333333        6.22367875000000      -0.107754624169583     
   2.37216333333333        6.51994916666667      -9.844624099391765E-002
   2.37216333333333        6.81621958333333      -9.019029427320091E-002
   2.37216333333333        7.11249000000000      -8.283506907244308E-002
   2.66843375000000       2.000000000000000E-003 -0.283185630433996     
   2.66843375000000       0.298270416666667      -0.317071299205253     
   2.66843375000000       0.594540833333333      -0.351295305173171     
   2.66843375000000       0.890811250000000      -0.382702948822598     
   2.66843375000000        1.18708166666667      -0.408726167266475     
   2.66843375000000        1.48335208333333      -0.429511395627747     
   2.66843375000000        1.77962250000000      -0.444633169289654     
   2.66843375000000        2.07589291666667      -0.446086066735560     
   2.66843375000000        2.37216333333333      -0.432429366419936     
   2.66843375000000        2.66843375000000      -0.405227424741247     
   2.66843375000000        2.96470416666667      -0.370361360137929     
   2.66843375000000        3.26097458333333      -0.339053992604811     
   2.66843375000000        3.55724500000000      -0.314635891738824     
   2.66843375000000        3.85351541666667      -0.285545678043778     
   2.66843375000000        4.14978583333333      -0.250226709538823     
   2.66843375000000        4.44605625000000      -0.216239487545967     
   2.66843375000000        4.74232666666667      -0.186974819258628     
   2.66843375000000        5.03859708333333      -0.162723103474238     
   2.66843375000000        5.33486750000000      -0.143216734422584     
   2.66843375000000        5.63113791666667      -0.128155788677245     
   2.66843375000000        5.92740833333333      -0.116001985504135     
   2.66843375000000        6.22367875000000      -0.105533914474207     
   2.66843375000000        6.51994916666667      -9.633243327874770E-002
   2.66843375000000        6.81621958333333      -8.823434307765689E-002
   2.66843375000000        7.11249000000000      -8.111905891075123E-002
   2.96470416666667       2.000000000000000E-003 -0.265340689921435     
   2.96470416666667       0.298270416666667      -0.294938468893979     
   2.96470416666667       0.594540833333333      -0.324448502376770     
   2.96470416666667       0.890811250000000      -0.351297892637130     
   2.96470416666667        1.18708166666667      -0.373834171761127     
   2.96470416666667        1.48335208333333      -0.393364632831167     
   2.96470416666667        1.77962250000000      -0.406001586210821     
   2.96470416666667        2.07589291666667      -0.407290001978729     
   2.96470416666667        2.37216333333333      -0.395628696466781     
   2.96470416666667        2.66843375000000      -0.370361362014463     
   2.96470416666667        2.96470416666667      -0.336463611510316     
   2.96470416666667        3.26097458333333      -0.312250943826104     
   2.96470416666667        3.55724500000000      -0.305978188552265     
   2.96470416666667        3.85351541666667      -0.284974505586676     
   2.96470416666667        4.14978583333333      -0.249383944142843     
   2.96470416666667        4.44605625000000      -0.213987899298048     
   2.96470416666667        4.74232666666667      -0.183624618256509     
   2.96470416666667        5.03859708333333      -0.158988803917261     
   2.96470416666667        5.33486750000000      -0.139538278008639     
   2.96470416666667        5.63113791666667      -0.124560601721854     
   2.96470416666667        5.92740833333333      -0.112844529226216     
   2.96470416666667        6.22367875000000      -0.102689168838313     
   2.96470416666667        6.51994916666667      -9.377438458956842E-002
   2.96470416666667        6.81621958333333      -8.600938770321943E-002
   2.96470416666667        7.11249000000000      -7.926295830749289E-002
   3.26097458333333       2.000000000000000E-003 -0.245565983350059     
   3.26097458333333       0.298270416666667      -0.270456990902862     
   3.26097458333333       0.594540833333333      -0.294940041391484     
   3.26097458333333       0.890811250000000      -0.317077304030532     
   3.26097458333333        1.18708166666667      -0.335909500318466     
   3.26097458333333        1.48335208333333      -0.352456502162144     
   3.26097458333333        1.77962250000000      -0.363318668414153     
   3.26097458333333        2.07589291666667      -0.365376294637616     
   3.26097458333333        2.37216333333333      -0.357569651329249     
   3.26097458333333        2.66843375000000      -0.339054065470222     
   3.26097458333333        2.96470416666667      -0.312251183449968     
   3.26097458333333        3.26097458333333      -0.295625214972593     
   3.26097458333333        3.55724500000000      -0.300025071461164     
   3.26097458333333        3.85351541666667      -0.279547376632405     
   3.26097458333333        4.14978583333333      -0.247929899717997     
   3.26097458333333        4.44605625000000      -0.210975224825602     
   3.26097458333333        4.74232666666667      -0.178684235703535     
   3.26097458333333        5.03859708333333      -0.153511935426197     
   3.26097458333333        5.33486750000000      -0.134401665263196     
   3.26097458333333        5.63113791666667      -0.119931768089009     
   3.26097458333333        5.92740833333333      -0.108713272948966     
   3.26097458333333        6.22367875000000      -9.906723711458455E-002
   3.26097458333333        6.51994916666667      -9.065270016050582E-002
   3.26097458333333        6.81621958333333      -8.341112305523299E-002
   3.26097458333333        7.11249000000000      -7.716359087438131E-002
   3.55724500000000       2.000000000000000E-003 -0.225235392554589     
   3.55724500000000       0.298270416666667      -0.245571033162053     
   3.55724500000000       0.594540833333333      -0.265348750758886     
   3.55724500000000       0.890811250000000      -0.283199604355264     
   3.55724500000000        1.18708166666667      -0.298548896059279     
   3.55724500000000        1.48335208333333      -0.312127128980128     
   3.55724500000000        1.77962250000000      -0.321286317390371     
   3.55724500000000        2.07589291666667      -0.324558767210122     
   3.55724500000000        2.37216333333333      -0.321823231894836     
   3.55724500000000        2.66843375000000      -0.314635701217557     
   3.55724500000000        2.96470416666667      -0.305978037677508     
   3.55724500000000        3.26097458333333      -0.300024979895993     
   3.55724500000000        3.55724500000000      -0.290502331810741     
   3.55724500000000        3.85351541666667      -0.267463697927244     
   3.55724500000000        4.14978583333333      -0.238120002483349     
   3.55724500000000        4.44605625000000      -0.200283745659238     
   3.55724500000000        4.74232666666667      -0.168031529415139     
   3.55724500000000        5.03859708333333      -0.144072726586424     
   3.55724500000000        5.33486750000000      -0.126611470916759     
   3.55724500000000        5.63113791666667      -0.113596782448765     
   3.55724500000000        5.92740833333333      -0.103410236708065     
   3.55724500000000        6.22367875000000      -9.458317091301943E-002
   3.55724500000000        6.51994916666667      -8.692430015809664E-002
   3.55724500000000        6.81621958333333      -8.039937614846297E-002
   3.55724500000000        7.11249000000000      -7.476394270417462E-002
   3.85351541666667       2.000000000000000E-003 -0.205616668319138     
   3.85351541666667       0.298270416666667      -0.221963823284927     
   3.85351541666667       0.594540833333333      -0.237718783815232     
   3.85351541666667       0.890811250000000      -0.251948265964789     
   3.85351541666667        1.18708166666667      -0.264255787560052     
   3.85351541666667        1.48335208333333      -0.275069252217419     
   3.85351541666667        1.77962250000000      -0.282864848335970     
   3.85351541666667        2.07589291666667      -0.286450708667628     
   3.85351541666667        2.37216333333333      -0.286577314547403     
   3.85351541666667        2.66843375000000      -0.285545143666417     
   3.85351541666667        2.96470416666667      -0.284973787683532     
   3.85351541666667        3.26097458333333      -0.279546704005960     
   3.85351541666667        3.55724500000000      -0.267463020885095     
   3.85351541666667        3.85351541666667      -0.239516363426616     
   3.85351541666667        4.14978583333333      -0.208440334276046     
   3.85351541666667        4.44605625000000      -0.176063168926206     
   3.85351541666667        4.74232666666667      -0.149303431152549     
   3.85351541666667        5.03859708333333      -0.129765827612880     
   3.85351541666667        5.33486750000000      -0.115808912568804     
   3.85351541666667        5.63113791666667      -0.105469806544982     
   3.85351541666667        5.92740833333333      -9.699235269031090E-002
   3.85351541666667        6.22367875000000      -8.933975327252966E-002
   3.85351541666667        6.51994916666667      -8.268818581597860E-002
   3.85351541666667        6.81621958333333      -7.703939687946799E-002
   3.85351541666667        7.11249000000000      -7.208632583947530E-002
   4.14978583333333       2.000000000000000E-003 -0.187456040616022     
   4.14978583333333       0.298270416666667      -0.200522359640809     
   4.14978583333333       0.594540833333333      -0.212994011658880     
   4.14978583333333       0.890811250000000      -0.224240982558001     
   4.14978583333333        1.18708166666667      -0.233947017526141     
   4.14978583333333        1.48335208333333      -0.242337499678920     
   4.14978583333333        1.77962250000000      -0.248461121834590     
   4.14978583333333        2.07589291666667      -0.251283996774977     
   4.14978583333333        2.37216333333333      -0.251331272982708     
   4.14978583333333        2.66843375000000      -0.250226167719960     
   4.14978583333333        2.96470416666667      -0.249383330139802     
   4.14978583333333        3.26097458333333      -0.247929229289716     
   4.14978583333333        3.55724500000000      -0.238118945490003     
   4.14978583333333        3.85351541666667      -0.208439445596918     
   4.14978583333333        4.14978583333333      -0.174605167996795     
   4.14978583333333        4.44605625000000      -0.147220334166920     
   4.14978583333333        4.74232666666667      -0.127103889691602     
   4.14978583333333        5.03859708333333      -0.113162293743258     
   4.14978583333333        5.33486750000000      -0.103551495497295     
   4.14978583333333        5.63113791666667      -9.642115131165221E-002
   4.14978583333333        5.92740833333333      -8.995643073143500E-002
   4.14978583333333        6.22367875000000      -8.368959614127518E-002
   4.14978583333333        6.51994916666667      -7.820924845418827E-002
   4.14978583333333        6.81621958333333      -7.351650410079973E-002
   4.14978583333333        7.11249000000000      -6.925091408525483E-002
   4.44605625000000       2.000000000000000E-003 -0.170959317500375     
   4.44605625000000       0.298270416666667      -0.181396520453647     
   4.44605625000000       0.594540833333333      -0.191216182028305     
   4.44605625000000       0.890811250000000      -0.199988182623619     
   4.44605625000000        1.18708166666667      -0.207438167121203     
   4.44605625000000        1.48335208333333      -0.213555506015576     
   4.44605625000000        1.77962250000000      -0.217977478318007     
   4.44605625000000        2.07589291666667      -0.219545309478644     
   4.44605625000000        2.37216333333333      -0.218550187747071     
   4.44605625000000        2.66843375000000      -0.216239094422141     
   4.44605625000000        2.96470416666667      -0.213987479807809     
   4.44605625000000        3.26097458333333      -0.210974650967532     
   4.44605625000000        3.55724500000000      -0.200282820179984     
   4.44605625000000        3.85351541666667      -0.176062200155292     
   4.44605625000000        4.14978583333333      -0.147219845710642     
   4.44605625000000        4.44605625000000      -0.123968890914850     
   4.44605625000000        4.74232666666667      -0.108206950683861     
   4.44605625000000        5.03859708333333      -9.835868136646192E-002
   4.44605625000000        5.33486750000000      -9.234688404228639E-002
   4.44605625000000        5.63113791666667      -8.798881823879195E-002
   4.44605625000000        5.92740833333333      -8.306171669703011E-002
   4.44605625000000        6.22367875000000      -7.814830167704376E-002
   4.44605625000000        6.51994916666667      -7.385287867822604E-002
   4.44605625000000        6.81621958333333      -7.008253211345482E-002
   4.44605625000000        7.11249000000000      -6.643611474084971E-002
   4.74232666666667       2.000000000000000E-003 -0.156070955640225     
   4.74232666666667       0.298270416666667      -0.164397765769964     
   4.74232666666667       0.594540833333333      -0.172061973116154     
   4.74232666666667       0.890811250000000      -0.178764286567655     
   4.74232666666667        1.18708166666667      -0.184268945271348     
   4.74232666666667        1.48335208333333      -0.188446148234756     
   4.74232666666667        1.77962250000000      -0.191148449303850     
   4.74232666666667        2.07589291666667      -0.191608506625591     
   4.74232666666667        2.37216333333333      -0.189899497548351     
   4.74232666666667        2.66843375000000      -0.186974554028458     
   4.74232666666667        2.96470416666667      -0.183624324430371     
   4.74232666666667        3.26097458333333      -0.178683797261693     
   4.74232666666667        3.55724500000000      -0.168030854666560     
   4.74232666666667        3.85351541666667      -0.149302671304536     
   4.74232666666667        4.14978583333333      -0.127103337039175     
   4.74232666666667        4.44605625000000      -0.108206718200381     
   4.74232666666667        4.74232666666667      -9.537874502781291E-002
   4.74232666666667        5.03859708333333      -8.797296401915876E-002
   4.74232666666667        5.33486750000000      -8.409023924311061E-002
   4.74232666666667        5.63113791666667      -8.093203798556059E-002
   4.74232666666667        5.92740833333333      -7.695169577649670E-002
   4.74232666666667        6.22367875000000      -7.319309046505493E-002
   4.74232666666667        6.51994916666667      -6.994639212155102E-002
   4.74232666666667        6.81621958333333      -6.695884112884619E-002
   4.74232666666667        7.11249000000000      -6.381389655904419E-002
   5.03859708333333       2.000000000000000E-003 -0.142769970185173     
   5.03859708333333       0.298270416666667      -0.149374306006574     
   5.03859708333333       0.594540833333333      -0.155274942204053     
   5.03859708333333       0.890811250000000      -0.160271290641272     
   5.03859708333333        1.18708166666667      -0.164176913712535     
   5.03859708333333        1.48335208333333      -0.166846355619510     
   5.03859708333333        1.77962250000000      -0.168132372045803     
   5.03859708333333        2.07589291666667      -0.167769880003715     
   5.03859708333333        2.37216333333333      -0.165753212466033     
   5.03859708333333        2.66843375000000      -0.162722926259254     
   5.03859708333333        2.96470416666667      -0.158988603690780     
   5.03859708333333        3.26097458333333      -0.153511637678556     
   5.03859708333333        3.55724500000000      -0.144072285844156     
   5.03859708333333        3.85351541666667      -0.129765314450928     
   5.03859708333333        4.14978583333333      -0.113161859873555     
   5.03859708333333        4.44605625000000      -9.835842311035062E-002
   5.03859708333333        4.74232666666667      -8.797287161952705E-002
   5.03859708333333        5.03859708333333      -8.205815472454320E-002
   5.03859708333333        5.33486750000000      -7.877759347632954E-002
   5.03859708333333        5.63113791666667      -7.530565099541631E-002
   5.03859708333333        5.92740833333333      -7.193787284950122E-002
   5.03859708333333        6.22367875000000      -6.907158803784826E-002
   5.03859708333333        6.51994916666667      -6.663329436980378E-002
   5.03859708333333        6.81621958333333      -6.424854126791504E-002
   5.03859708333333        7.11249000000000      -6.150608965364771E-002
   5.33486750000000       2.000000000000000E-003 -0.131129461154763     
   5.33486750000000       0.298270416666667      -0.136324746291038     
   5.33486750000000       0.594540833333333      -0.140808283411854     
   5.33486750000000       0.890811250000000      -0.144434312164551     
   5.33486750000000        1.18708166666667      -0.147089667792783     
   5.33486750000000        1.48335208333333      -0.148690708099967     
   5.33486750000000        1.77962250000000      -0.149132715382964     
   5.33486750000000        2.07589291666667      -0.148318771060825     
   5.33486750000000        2.37216333333333      -0.146187991211834     
   5.33486750000000        2.66843375000000      -0.143216613726957     
   5.33486750000000        2.96470416666667      -0.139538152691015     
   5.33486750000000        3.26097458333333      -0.134401491899781     
   5.33486750000000        3.55724500000000      -0.126611223304360     
   5.33486750000000        3.85351541666667      -0.115808619349615     
   5.33486750000000        4.14978583333333      -0.103551230446963     
   5.33486750000000        4.44605625000000      -9.234670664438341E-002
   5.33486750000000        4.74232666666667      -8.409015844124512E-002
   5.33486750000000        5.03859708333333      -7.877757455255618E-002
   5.33486750000000        5.33486750000000      -7.450631728835420E-002
   5.33486750000000        5.63113791666667      -7.090259649728131E-002
   5.33486750000000        5.92740833333333      -6.798553529124740E-002
   5.33486750000000        6.22367875000000      -6.571925364816726E-002
   5.33486750000000        6.51994916666667      -6.387299047346272E-002
   5.33486750000000        6.81621958333333      -6.199009152240037E-002
   5.33486750000000        7.11249000000000      -5.963662981893297E-002
   5.63113791666667       2.000000000000000E-003 -0.121257972010040     
   5.63113791666667       0.298270416666667      -0.125354028731926     
   5.63113791666667       0.594540833333333      -0.128750882134064     
   5.63113791666667       0.890811250000000      -0.131301345609861     
   5.63113791666667        1.18708166666667      -0.132968760968714     
   5.63113791666667        1.48335208333333      -0.133777119077583     
   5.63113791666667        1.77962250000000      -0.133718142653374     
   5.63113791666667        2.07589291666667      -0.132755390295403     
   5.63113791666667        2.37216333333333      -0.130892654132124     
   5.63113791666667        2.66843375000000      -0.128155685694635     
   5.63113791666667        2.96470416666667      -0.124560516929729     
   5.63113791666667        3.26097458333333      -0.119931677781633     
   5.63113791666667        3.55724500000000      -0.113596669766658     
   5.63113791666667        3.85351541666667      -0.105469677427487     
   5.63113791666667        4.14978583333333      -9.642103498309851E-002
   5.63113791666667        4.44605625000000      -8.798874133930969E-002
   5.63113791666667        4.74232666666667      -8.093200635991787E-002
   5.63113791666667        5.03859708333333      -7.530565039770952E-002
   5.63113791666667        5.33486750000000      -7.090260611095753E-002
   5.63113791666667        5.63113791666667      -6.748735807788600E-002
   5.63113791666667        5.92740833333333      -6.491640637326540E-002
   5.63113791666667        6.22367875000000      -6.314606621198510E-002
   5.63113791666667        6.51994916666667      -6.183515458342631E-002
   5.63113791666667        6.81621958333333      -6.041103709686526E-002
   5.63113791666667        7.11249000000000      -5.838720129966324E-002
   5.92740833333333       2.000000000000000E-003 -0.113204922682147     
   5.92740833333333       0.298270416666667      -0.116576188742979     
   5.92740833333333       0.594540833333333      -0.119215968439769     
   5.92740833333333       0.890811250000000      -0.120855389979353     
   5.92740833333333        1.18708166666667      -0.121609329343552     
   5.92740833333333        1.48335208333333      -0.121693475755691     
   5.92740833333333        1.77962250000000      -0.121199546111564     
   5.92740833333333        2.07589291666667      -0.120104892998766     
   5.92740833333333        2.37216333333333      -0.118384786819847     
   5.92740833333333        2.66843375000000      -0.116001880130580     
   5.92740833333333        2.96470416666667      -0.112844444896250     
   5.92740833333333        3.26097458333333      -0.108713205531649     
   5.92740833333333        3.55724500000000      -0.103410179626885     
   5.92740833333333        3.85351541666667      -9.699230474715739E-002
   5.92740833333333        4.14978583333333      -8.995639807514259E-002
   5.92740833333333        4.44605625000000      -8.306170606601025E-002
   5.92740833333333        4.74232666666667      -7.695170743125426E-002
   5.92740833333333        5.03859708333333      -7.193790016996983E-002
   5.92740833333333        5.33486750000000      -6.798556853793160E-002
   5.92740833333333        5.63113791666667      -6.491642943931712E-002
   5.92740833333333        5.92740833333333      -6.278978573543960E-002
   5.92740833333333        6.22367875000000      -6.153463796814793E-002
   5.92740833333333        6.51994916666667      -6.074188960911438E-002
   5.92740833333333        6.81621958333333      -5.970596709090283E-002
   5.92740833333333        7.11249000000000      -5.782657752363263E-002
   6.22367875000000       2.000000000000000E-003 -0.106822006418725     
   6.22367875000000       0.298270416666667      -0.110021180277293     
   6.22367875000000       0.594540833333333      -0.112216804728805     
   6.22367875000000       0.890811250000000      -0.112850021021317     
   6.22367875000000        1.18708166666667      -0.112534277000740     
   6.22367875000000        1.48335208333333      -0.111806185389947     
   6.22367875000000        1.77962250000000      -0.110811686957357     
   6.22367875000000        2.07589291666667      -0.109486863819166     
   6.22367875000000        2.37216333333333      -0.107754496528989     
   6.22367875000000        2.66843375000000      -0.105533804242541     
   6.22367875000000        2.96470416666667      -0.102689082397781     
   6.22367875000000        3.26097458333333      -9.906717681467664E-002
   6.22367875000000        3.55724500000000      -9.458313544873036E-002
   6.22367875000000        3.85351541666667      -8.933974021673316E-002
   6.22367875000000        4.14978583333333      -8.368960338991245E-002
   6.22367875000000        4.44605625000000      -7.814832668987598E-002
   6.22367875000000        4.74232666666667      -7.319312925110869E-002
   6.22367875000000        5.03859708333333      -6.907163645171470E-002
   6.22367875000000        5.33486750000000      -6.571930636052381E-002
   6.22367875000000        5.63113791666667      -6.314611193312517E-002
   6.22367875000000        5.92740833333333      -6.153466624035328E-002
   6.22367875000000        6.22367875000000      -6.085051660531421E-002
   6.22367875000000        6.51994916666667      -6.063373064175336E-002
   6.22367875000000        6.81621958333333      -5.988853735494377E-002
   6.22367875000000        7.11249000000000      -5.777595340506510E-002
   6.51994916666667       2.000000000000000E-003 -0.101705887139835     
   6.51994916666667       0.298270416666667      -0.105463540462906     
   6.51994916666667       0.594540833333333      -0.107255474669283     
   6.51994916666667       0.890811250000000      -0.106490061080989     
   6.51994916666667        1.18708166666667      -0.104929657031746     
   6.51994916666667        1.48335208333333      -0.103356085786592     
   6.51994916666667        1.77962250000000      -0.101844780146348     
   6.51994916666667        2.07589291666667      -0.100253624218431     
   6.51994916666667        2.37216333333333      -9.844611320046605E-002
   6.51994916666667        2.66843375000000      -9.633232259627321E-002
   6.51994916666667        2.96470416666667      -9.377429789149742E-002
   6.51994916666667        3.26097458333333      -9.065264203416913E-002
   6.51994916666667        3.55724500000000      -8.692427139908736E-002
   6.51994916666667        3.85351541666667      -8.268818386380927E-002
   6.51994916666667        4.14978583333333      -7.820926834760725E-002
   6.51994916666667        4.44605625000000      -7.385291407066369E-002
   6.51994916666667        4.74232666666667      -6.994643673576904E-002
   6.51994916666667        5.03859708333333      -6.663334497939223E-002
   6.51994916666667        5.33486750000000      -6.387304448066723E-002
   6.51994916666667        5.63113791666667      -6.183520907788596E-002
   6.51994916666667        5.92740833333333      -6.074194091151783E-002
   6.51994916666667        6.22367875000000      -6.063376862331803E-002
   6.51994916666667        6.51994916666667      -6.101475522993770E-002
   6.51994916666667        6.81621958333333      -6.044715808776591E-002
   6.51994916666667        7.11249000000000      -5.768399625496124E-002
   6.81621958333333       2.000000000000000E-003 -9.672583970152894E-002
   6.81621958333333       0.298270416666667      -0.101273232225043     
   6.81621958333333       0.594540833333333      -0.102185741685850     
   6.81621958333333       0.890811250000000      -0.100109535242621     
   6.81621958333333        1.18708166666667      -9.772743543233689E-002
   6.81621958333333        1.48335208333333      -9.562734309636337E-002
   6.81621958333333        1.77962250000000      -9.377512909415633E-002
   6.81621958333333        2.07589291666667      -9.201032253410692E-002
   6.81621958333333        2.37216333333333      -9.019017686488817E-002
   6.81621958333333        2.66843375000000      -8.823424125549537E-002
   6.81621958333333        2.96470416666667      -8.600930646507868E-002
   6.81621958333333        3.26097458333333      -8.341106673402747E-002
   6.81621958333333        3.55724500000000      -8.039934608472414E-002
   6.81621958333333        3.85351541666667      -7.703939087657712E-002
   6.81621958333333        4.14978583333333      -7.351651680217196E-002
   6.81621958333333        4.44605625000000      -7.008255631252593E-002
   6.81621958333333        4.74232666666667      -6.695886976482088E-002
   6.81621958333333        5.03859708333333      -6.424857028200091E-002
   6.81621958333333        5.33486750000000      -6.199012399427684E-002
   6.81621958333333        5.63113791666667      -6.041107814621899E-002
   6.81621958333333        5.92740833333333      -5.970602235248310E-002
   6.81621958333333        6.22367875000000      -5.988860871656333E-002
   6.81621958333333        6.51994916666667      -6.044722383122498E-002
   6.81621958333333        6.81621958333333      -5.941821998100209E-002
   6.81621958333333        7.11249000000000      -5.618344122681328E-002
   7.11249000000000       2.000000000000000E-003 -9.042596752967041E-002
   7.11249000000000       0.298270416666667      -9.388577740483423E-002
   7.11249000000000       0.594540833333333      -9.416085472453714E-002
   7.11249000000000       0.890811250000000      -9.240016028729728E-002
   7.11249000000000        1.18708166666667      -9.023609365496996E-002
   7.11249000000000        1.48335208333333      -8.816686134602791E-002
   7.11249000000000        1.77962250000000      -8.628450916581999E-002
   7.11249000000000        2.07589291666667      -8.453617422186001E-002
   7.11249000000000        2.37216333333333      -8.283497312947430E-002
   7.11249000000000        2.66843375000000      -8.111897472170496E-002
   7.11249000000000        2.96470416666667      -7.926288821992694E-002
   7.11249000000000        3.26097458333333      -7.716353765534678E-002
   7.11249000000000        3.55724500000000      -7.476390731115634E-002
   7.11249000000000        3.85351541666667      -7.208630659195131E-002
   7.11249000000000        4.14978583333333      -6.925090659321258E-002
   7.11249000000000        4.44605625000000      -6.643611292051646E-002
   7.11249000000000        4.74232666666667      -6.381389400735980E-002
   7.11249000000000        5.03859708333333      -6.150608168489290E-002
   7.11249000000000        5.33486750000000      -5.963662463368080E-002
   7.11249000000000        5.63113791666667      -5.838720881269312E-002
   7.11249000000000        5.92740833333333      -5.782660898669631E-002
   7.11249000000000        6.22367875000000      -5.777602148346039E-002
   7.11249000000000        6.51994916666667      -5.768409279857583E-002
   7.11249000000000        6.81621958333333      -5.618349370546532E-002
   7.11249000000000        7.11249000000000      -5.270229837597929E-002
