  2.000000000000000E-003  2.000000000000000E-003 -0.503488018650885     
  2.000000000000000E-003  0.298270416666667      -0.487292332883565     
  2.000000000000000E-003  0.594540833333333      -0.451578321428525     
  2.000000000000000E-003  0.890811250000000      -0.385611689554400     
  2.000000000000000E-003   1.18708166666667      -0.325919312326015     
  2.000000000000000E-003   1.48335208333333      -0.280794352727954     
  2.000000000000000E-003   1.77962250000000      -0.246576178126570     
  2.000000000000000E-003   2.07589291666667      -0.219395104805013     
  2.000000000000000E-003   2.37216333333333      -0.197064445003584     
  2.000000000000000E-003   2.66843375000000      -0.178189781516057     
  2.000000000000000E-003   2.96470416666667      -0.161859673078271     
  2.000000000000000E-003   3.26097458333333      -0.147480159812377     
  2.000000000000000E-003   3.55724500000000      -0.134650861683589     
  2.000000000000000E-003   3.85351541666667      -0.123103352240392     
  2.000000000000000E-003   4.14978583333333      -0.112671477952239     
  2.000000000000000E-003   4.44605625000000      -0.103259563103829     
  2.000000000000000E-003   4.74232666666667      -9.482308437857148E-002
  2.000000000000000E-003   5.03859708333333      -8.735441456189688E-002
  2.000000000000000E-003   5.33486750000000      -8.091240902689256E-002
  2.000000000000000E-003   5.63113791666667      -7.557275663155587E-002
  2.000000000000000E-003   5.92740833333333      -7.134637459049184E-002
  2.000000000000000E-003   6.22367875000000      -6.809497052997114E-002
  2.000000000000000E-003   6.51994916666667      -6.544404919628971E-002
  2.000000000000000E-003   6.81621958333333      -6.244534942674866E-002
  2.000000000000000E-003   7.11249000000000      -5.847314600668442E-002
  0.298270416666667       2.000000000000000E-003 -0.519193893478341     
  0.298270416666667       0.298270416666667      -0.495047603834305     
  0.298270416666667       0.594540833333333      -0.464083576244635     
  0.298270416666667       0.890811250000000      -0.408336739734948     
  0.298270416666667        1.18708166666667      -0.351757269212952     
  0.298270416666667        1.48335208333333      -0.305382993864922     
  0.298270416666667        1.77962250000000      -0.268244795750449     
  0.298270416666667        2.07589291666667      -0.237467889961312     
  0.298270416666667        2.37216333333333      -0.211451564244565     
  0.298270416666667        2.66843375000000      -0.189715396349216     
  0.298270416666667        2.96470416666667      -0.171116836638924     
  0.298270416666667        3.26097458333333      -0.154904531660925     
  0.298270416666667        3.55724500000000      -0.140603192678777     
  0.298270416666667        3.85351541666667      -0.127896534719313     
  0.298270416666667        4.14978583333333      -0.116568169433278     
  0.298270416666667        4.44605625000000      -0.106464328016433     
  0.298270416666667        4.74232666666667      -9.747822930047866E-002
  0.298270416666667        5.03859708333333      -8.954507931223682E-002
  0.298270416666667        5.33486750000000      -8.269167418149019E-002
  0.298270416666667        5.63113791666667      -7.700305247352417E-002
  0.298270416666667        5.92740833333333      -7.252751777470927E-002
  0.298270416666667        6.22367875000000      -6.922402850966737E-002
  0.298270416666667        6.51994916666667      -6.683617288231257E-002
  0.298270416666667        6.81621958333333      -6.442371457434849E-002
  0.298270416666667        7.11249000000000      -6.036008468557798E-002
  0.594540833333333       2.000000000000000E-003 -0.505172673428272     
  0.594540833333333       0.298270416666667      -0.496137667397767     
  0.594540833333333       0.594540833333333      -0.469886940938251     
  0.594540833333333       0.890811250000000      -0.424670170109440     
  0.594540833333333        1.18708166666667      -0.373782096334571     
  0.594540833333333        1.48335208333333      -0.327435176741801     
  0.594540833333333        1.77962250000000      -0.287675972137367     
  0.594540833333333        2.07589291666667      -0.253392947855999     
  0.594540833333333        2.37216333333333      -0.224136609386442     
  0.594540833333333        2.66843375000000      -0.199875327240609     
  0.594540833333333        2.96470416666667      -0.179242818694151     
  0.594540833333333        3.26097458333333      -0.161397519571782     
  0.594540833333333        3.55724500000000      -0.145794228610863     
  0.594540833333333        3.85351541666667      -0.132057878654184     
  0.594540833333333        4.14978583333333      -0.119918098797967     
  0.594540833333333        4.44605625000000      -0.109172289844778     
  0.594540833333333        4.74232666666667      -9.966752678812828E-002
  0.594540833333333        5.03859708333333      -9.128978305911255E-002
  0.594540833333333        5.33486750000000      -8.403095169379066E-002
  0.594540833333333        5.63113791666667      -7.796537072485750E-002
  0.594540833333333        5.92740833333333      -7.315661015885358E-002
  0.594540833333333        6.22367875000000      -6.959952783082461E-002
  0.594540833333333        6.51994916666667      -6.702816201982006E-002
  0.594540833333333        6.81621958333333      -6.447254022794330E-002
  0.594540833333333        7.11249000000000      -6.032540634476188E-002
  0.890811250000000       2.000000000000000E-003 -0.540013202029583     
  0.890811250000000       0.298270416666667      -0.527971691931207     
  0.890811250000000       0.594540833333333      -0.494723584741161     
  0.890811250000000       0.890811250000000      -0.447339793075075     
  0.890811250000000        1.18708166666667      -0.395778472176244     
  0.890811250000000        1.48335208333333      -0.347197354871628     
  0.890811250000000        1.77962250000000      -0.303977419542210     
  0.890811250000000        2.07589291666667      -0.266079381872276     
  0.890811250000000        2.37216333333333      -0.234435231149127     
  0.890811250000000        2.66843375000000      -0.208149302094294     
  0.890811250000000        2.96470416666667      -0.185885239636603     
  0.890811250000000        3.26097458333333      -0.166761433348025     
  0.890811250000000        3.55724500000000      -0.150149199236419     
  0.890811250000000        3.85351541666667      -0.135591872353218     
  0.890811250000000        4.14978583333333      -0.122764921619579     
  0.890811250000000        4.44605625000000      -0.111439230234607     
  0.890811250000000        4.74232666666667      -0.101445952007130     
  0.890811250000000        5.03859708333333      -9.265287754714746E-002
  0.890811250000000        5.33486750000000      -8.499259754484524E-002
  0.890811250000000        5.63113791666667      -7.852627834008162E-002
  0.890811250000000        5.92740833333333      -7.329034984944244E-002
  0.890811250000000        6.22367875000000      -6.922239826233148E-002
  0.890811250000000        6.51994916666667      -6.599722654665494E-002
  0.890811250000000        6.81621958333333      -6.282160551881895E-002
  0.890811250000000        7.11249000000000      -5.879982538052021E-002
   1.18708166666667       2.000000000000000E-003 -0.573609912616352     
   1.18708166666667       0.298270416666667      -0.559453187288256     
   1.18708166666667       0.594540833333333      -0.521463458915450     
   1.18708166666667       0.890811250000000      -0.469908004786489     
   1.18708166666667        1.18708166666667      -0.414913778597741     
   1.18708166666667        1.48335208333333      -0.362668360346569     
   1.18708166666667        1.77962250000000      -0.315664116028283     
   1.18708166666667        2.07589291666667      -0.275137661897991     
   1.18708166666667        2.37216333333333      -0.241883883475171     
   1.18708166666667        2.66843375000000      -0.214176682212976     
   1.18708166666667        2.96470416666667      -0.190827329522341     
   1.18708166666667        3.26097458333333      -0.170917522396150     
   1.18708166666667        3.55724500000000      -0.153692602416750     
   1.18708166666667        3.85351541666667      -0.138578078067126     
   1.18708166666667        4.14978583333333      -0.125201679315894     
   1.18708166666667        4.44605625000000      -0.113350439389537     
   1.18708166666667        4.74232666666667      -0.102887228663068     
   1.18708166666667        5.03859708333333      -9.369422770179538E-002
   1.18708166666667        5.33486750000000      -8.566443896749097E-002
   1.18708166666667        5.63113791666667      -7.880491185184435E-002
   1.18708166666667        5.92740833333333      -7.312031063377340E-002
   1.18708166666667        6.22367875000000      -6.850053090349288E-002
   1.18708166666667        6.51994916666667      -6.463831807065594E-002
   1.18708166666667        6.81621958333333      -6.099381609152998E-002
   1.18708166666667        7.11249000000000      -5.705854064826913E-002
   1.48335208333333       2.000000000000000E-003 -0.585888226145741     
   1.48335208333333       0.298270416666667      -0.572055303928602     
   1.48335208333333       0.594540833333333      -0.534020873895195     
   1.48335208333333       0.890811250000000      -0.482065419447267     
   1.48335208333333        1.18708166666667      -0.425301813447613     
   1.48335208333333        1.48335208333333      -0.370385196091512     
   1.48335208333333        1.77962250000000      -0.321148773583056     
   1.48335208333333        2.07589291666667      -0.280224876969273     
   1.48335208333333        2.37216333333333      -0.246182983215336     
   1.48335208333333        2.66843375000000      -0.217785266070163     
   1.48335208333333        2.96470416666667      -0.194036777612772     
   1.48335208333333        3.26097458333333      -0.173944891861596     
   1.48335208333333        3.55724500000000      -0.156569747377180     
   1.48335208333333        3.85351541666667      -0.141174130413970     
   1.48335208333333        4.14978583333333      -0.127352623003670     
   1.48335208333333        4.44605625000000      -0.114981896815777     
   1.48335208333333        4.74232666666667      -0.104040695023778     
   1.48335208333333        5.03859708333333      -9.445287947516187E-002
   1.48335208333333        5.33486750000000      -8.610439269687530E-002
   1.48335208333333        5.63113791666667      -7.889999058622325E-002
   1.48335208333333        5.92740833333333      -7.281826019928246E-002
   1.48335208333333        6.22367875000000      -6.774481824176180E-002
   1.48335208333333        6.51994916666667      -6.341855114448784E-002
   1.48335208333333        6.81621958333333      -5.946379347078293E-002
   1.48335208333333        7.11249000000000      -5.554026227396825E-002
   1.77962250000000       2.000000000000000E-003 -0.575026139168601     
   1.77962250000000       0.298270416666667      -0.562761990674680     
   1.77962250000000       0.594540833333333      -0.527369827469303     
   1.77962250000000       0.890811250000000      -0.477702748105274     
   1.77962250000000        1.18708166666667      -0.422215864704162     
   1.77962250000000        1.48335208333333      -0.368125059354343     
   1.77962250000000        1.77962250000000      -0.321208848438965     
   1.77962250000000        2.07589291666667      -0.281099245201627     
   1.77962250000000        2.37216333333333      -0.247248320336700     
   1.77962250000000        2.66843375000000      -0.219030371055595     
   1.77962250000000        2.96470416666667      -0.195633205076953     
   1.77962250000000        3.26097458333333      -0.175966741554896     
   1.77962250000000        3.55724500000000      -0.158839158996393     
   1.77962250000000        3.85351541666667      -0.143383256059645     
   1.77962250000000        4.14978583333333      -0.129218953776665     
   1.77962250000000        4.44605625000000      -0.116352426700080     
   1.77962250000000        4.74232666666667      -0.104894718297574     
   1.77962250000000        5.03859708333333      -9.491990391111074E-002
   1.77962250000000        5.33486750000000      -8.628236210549713E-002
   1.77962250000000        5.63113791666667      -7.883105602928955E-002
   1.77962250000000        5.92740833333333      -7.245320289917015E-002
   1.77962250000000        6.22367875000000      -6.705355973122526E-002
   1.77962250000000        6.51994916666667      -6.241968616646061E-002
   1.77962250000000        6.81621958333333      -5.826464765331940E-002
   1.77962250000000        7.11249000000000      -5.432117141143784E-002
   2.07589291666667       2.000000000000000E-003 -0.542530958529986     
   2.07589291666667       0.298270416666667      -0.531046505451689     
   2.07589291666667       0.594540833333333      -0.500125007238684     
   2.07589291666667       0.890811250000000      -0.455232900926071     
   2.07589291666667        1.18708166666667      -0.406655261727455     
   2.07589291666667        1.48335208333333      -0.359380869741865     
   2.07589291666667        1.77962250000000      -0.315968101614540     
   2.07589291666667        2.07589291666667      -0.277764977679988     
   2.07589291666667        2.37216333333333      -0.245140813915685     
   2.07589291666667        2.66843375000000      -0.217973051907728     
   2.07589291666667        2.96470416666667      -0.195724212283560     
   2.07589291666667        3.26097458333333      -0.177159658362501     
   2.07589291666667        3.55724500000000      -0.160661630000249     
   2.07589291666667        3.85351541666667      -0.145195281933136     
   2.07589291666667        4.14978583333333      -0.130654808230802     
   2.07589291666667        4.44605625000000      -0.117327665302619     
   2.07589291666667        4.74232666666667      -0.105421145135511     
   2.07589291666667        5.03859708333333      -9.504048901044208E-002
   2.07589291666667        5.33486750000000      -8.616193815176766E-002
   2.07589291666667        5.63113791666667      -7.852864945245941E-002
   2.07589291666667        5.92740833333333      -7.198126830532017E-002
   2.07589291666667        6.22367875000000      -6.638916064578732E-002
   2.07589291666667        6.51994916666667      -6.157502592376198E-002
   2.07589291666667        6.81621958333333      -5.730977589367434E-002
   2.07589291666667        7.11249000000000      -5.335474796743481E-002
   2.37216333333333       2.000000000000000E-003 -0.493965717649513     
   2.37216333333333       0.298270416666667      -0.485409889307201     
   2.37216333333333       0.594540833333333      -0.461552524002368     
   2.37216333333333       0.890811250000000      -0.426880514048562     
   2.37216333333333        1.18708166666667      -0.386512093200100     
   2.37216333333333        1.48335208333333      -0.344927374811431     
   2.37216333333333        1.77962250000000      -0.305601500056020     
   2.37216333333333        2.07589291666667      -0.270309608081911     
   2.37216333333333        2.37216333333333      -0.239815466945172     
   2.37216333333333        2.66843375000000      -0.214579951830480     
   2.37216333333333        2.96470416666667      -0.194411319619620     
   2.37216333333333        3.26097458333333      -0.177819374548851     
   2.37216333333333        3.55724500000000      -0.162285044592546     
   2.37216333333333        3.85351541666667      -0.146603040427308     
   2.37216333333333        4.14978583333333      -0.131494110760263     
   2.37216333333333        4.44605625000000      -0.117703933433517     
   2.37216333333333        4.74232666666667      -0.105440231696996     
   2.37216333333333        5.03859708333333      -9.476802656134330E-002
   2.37216333333333        5.33486750000000      -8.566800780369406E-002
   2.37216333333333        5.63113791666667      -7.794195556897821E-002
   2.37216333333333        5.92740833333333      -7.131051045840051E-002
   2.37216333333333        6.22367875000000      -6.564152216804334E-002
   2.37216333333333        6.51994916666667      -6.077082525643639E-002
   2.37216333333333        6.81621958333333      -5.648155561963665E-002
   2.37216333333333        7.11249000000000      -5.255448054095756E-002
   2.66843375000000       2.000000000000000E-003 -0.450045006938133     
   2.66843375000000       0.298270416666667      -0.443336833154951     
   2.66843375000000       0.594540833333333      -0.424222578239784     
   2.66843375000000       0.890811250000000      -0.395533426977878     
   2.66843375000000        1.18708166666667      -0.361097155898361     
   2.66843375000000        1.48335208333333      -0.324977730350507     
   2.66843375000000        1.77962250000000      -0.290486947838236     
   2.66843375000000        2.07589291666667      -0.259034437877612     
   2.66843375000000        2.37216333333333      -0.231586657705730     
   2.66843375000000        2.66843375000000      -0.208995604978542     
   2.66843375000000        2.96470416666667      -0.191685577951663     
   2.66843375000000        3.26097458333333      -0.178107660642884     
   2.66843375000000        3.55724500000000      -0.163835345457927     
   2.66843375000000        3.85351541666667      -0.147354699426253     
   2.66843375000000        4.14978583333333      -0.131510589116934     
   2.66843375000000        4.44605625000000      -0.117314313178304     
   2.66843375000000        4.74232666666667      -0.104725851393217     
   2.66843375000000        5.03859708333333      -9.385974118341388E-002
   2.66843375000000        5.33486750000000      -8.469330118007759E-002
   2.66843375000000        5.63113791666667      -7.697969071462139E-002
   2.66843375000000        5.92740833333333      -7.038537285332616E-002
   2.66843375000000        6.22367875000000      -6.474529428610214E-002
   2.66843375000000        6.51994916666667      -5.990897325097943E-002
   2.66843375000000        6.81621958333333      -5.567011998499658E-002
   2.66843375000000        7.11249000000000      -5.181101218245950E-002
   2.96470416666667       2.000000000000000E-003 -0.404973563096186     
   2.96470416666667       0.298270416666667      -0.399463592501910     
   2.96470416666667       0.594540833333333      -0.383685038743265     
   2.96470416666667       0.890811250000000      -0.359796919501783     
   2.96470416666667        1.18708166666667      -0.330947155507708     
   2.96470416666667        1.48335208333333      -0.300794874277172     
   2.96470416666667        1.77962250000000      -0.271774461500452     
   2.96470416666667        2.07589291666667      -0.244998254145593     
   2.96470416666667        2.37216333333333      -0.221328795073837     
   2.96470416666667        2.66843375000000      -0.201652120173323     
   2.96470416666667        2.96470416666667      -0.187024224192661     
   2.96470416666667        3.26097458333333      -0.176846943634927     
   2.96470416666667        3.55724500000000      -0.164313723390210     
   2.96470416666667        3.85351541666667      -0.146720152772192     
   2.96470416666667        4.14978583333333      -0.130579825760374     
   2.96470416666667        4.44605625000000      -0.115934359490597     
   2.96470416666667        4.74232666666667      -0.102920242173915     
   2.96470416666667        5.03859708333333      -9.198005041129198E-002
   2.96470416666667        5.33486750000000      -8.298295099818884E-002
   2.96470416666667        5.63113791666667      -7.551056371152295E-002
   2.96470416666667        5.92740833333333      -6.912152000576215E-002
   2.96470416666667        6.22367875000000      -6.363875052911558E-002
   2.96470416666667        6.51994916666667      -5.893300729134601E-002
   2.96470416666667        6.81621958333333      -5.480979254435516E-002
   2.96470416666667        7.11249000000000      -5.105375557478872E-002
   3.26097458333333       2.000000000000000E-003 -0.357979971734332     
   3.26097458333333       0.298270416666667      -0.353521578006620     
   3.26097458333333       0.594540833333333      -0.340805360930455     
   3.26097458333333       0.890811250000000      -0.321589520529588     
   3.26097458333333        1.18708166666667      -0.298462506585198     
   3.26097458333333        1.48335208333333      -0.274455035651783     
   3.26097458333333        1.77962250000000      -0.251293991834891     
   3.26097458333333        2.07589291666667      -0.229661907701619     
   3.26097458333333        2.37216333333333      -0.210235239150011     
   3.26097458333333        2.66843375000000      -0.193568946173390     
   3.26097458333333        2.96470416666667      -0.180208398007284     
   3.26097458333333        3.26097458333333      -0.170027464572727     
   3.26097458333333        3.55724500000000      -0.159976787587112     
   3.26097458333333        3.85351541666667      -0.143992363376076     
   3.26097458333333        4.14978583333333      -0.128008842295166     
   3.26097458333333        4.44605625000000      -0.112479763391838     
   3.26097458333333        4.74232666666667      -9.930707252040497E-002
   3.26097458333333        5.03859708333333      -8.877295812916340E-002
   3.26097458333333        5.33486750000000      -8.034971473077177E-002
   3.26097458333333        5.63113791666667      -7.342954220708497E-002
   3.26097458333333        5.92740833333333      -6.745487206731977E-002
   3.26097458333333        6.22367875000000      -6.226682650666595E-002
   3.26097458333333        6.51994916666667      -5.778725263979579E-002
   3.26097458333333        6.81621958333333      -5.384188356956264E-002
   3.26097458333333        7.11249000000000      -5.022342075787121E-002
   3.55724500000000       2.000000000000000E-003 -0.312342138048339     
   3.55724500000000       0.298270416666667      -0.308887454989269     
   3.55724500000000       0.594540833333333      -0.299100711074878     
   3.55724500000000       0.890811250000000      -0.284375606869424     
   3.55724500000000        1.18708166666667      -0.266722729290756     
   3.55724500000000        1.48335208333333      -0.248493018362578     
   3.55724500000000        1.77962250000000      -0.230760085705739     
   3.55724500000000        2.07589291666667      -0.214068088303945     
   3.55724500000000        2.37216333333333      -0.198843614162645     
   3.55724500000000        2.66843375000000      -0.185379503359073     
   3.55724500000000        2.96470416666667      -0.173685733356876     
   3.55724500000000        3.26097458333333      -0.162973178192854     
   3.55724500000000        3.55724500000000      -0.151399215349355     
   3.55724500000000        3.85351541666667      -0.135359545888240     
   3.55724500000000        4.14978583333333      -0.119246761337449     
   3.55724500000000        4.44605625000000      -0.105017362056223     
   3.55724500000000        4.74232666666667      -9.343594121864379E-002
   3.55724500000000        5.03859708333333      -8.425685755290849E-002
   3.55724500000000        5.33486750000000      -7.689856350850660E-002
   3.55724500000000        5.63113791666667      -7.078695266535766E-002
   3.55724500000000        5.92740833333333      -6.540565986119876E-002
   3.55724500000000        6.22367875000000      -6.062213549997311E-002
   3.55724500000000        6.51994916666667      -5.644407423004090E-002
   3.55724500000000        6.81621958333333      -5.272589325476030E-002
   3.55724500000000        7.11249000000000      -4.927439591871161E-002
   3.85351541666667       2.000000000000000E-003 -0.271623226317172     
   3.85351541666667       0.298270416666667      -0.269085074773982     
   3.85351541666667       0.594540833333333      -0.261897688435400     
   3.85351541666667       0.890811250000000      -0.251069179167933     
   3.85351541666667        1.18708166666667      -0.238048963168378     
   3.85351541666667        1.48335208333333      -0.224517152146622     
   3.85351541666667        1.77962250000000      -0.211254990660490     
   3.85351541666667        2.07589291666667      -0.198518612952445     
   3.85351541666667        2.37216333333333      -0.186602506039048     
   3.85351541666667        2.66843375000000      -0.175497147121357     
   3.85351541666667        2.96470416666667      -0.164893681718875     
   3.85351541666667        3.26097458333333      -0.154890357440656     
   3.85351541666667        3.55724500000000      -0.144054699965239     
   3.85351541666667        3.85351541666667      -0.124122267070637     
   3.85351541666667        4.14978583333333      -0.107435285434923     
   3.85351541666667        4.44605625000000      -9.584326937835037E-002
   3.85351541666667        4.74232666666667      -8.669713611249676E-002
   3.85351541666667        5.03859708333333      -7.924311476485425E-002
   3.85351541666667        5.33486750000000      -7.309073566531764E-002
   3.85351541666667        5.63113791666667      -6.786442271995040E-002
   3.85351541666667        5.92740833333333      -6.310554741892847E-002
   3.85351541666667        6.22367875000000      -5.876594101809485E-002
   3.85351541666667        6.51994916666667      -5.492453643939379E-002
   3.85351541666667        6.81621958333333      -5.145829454974926E-002
   3.85351541666667        7.11249000000000      -4.819049681076586E-002
   4.14978583333333       2.000000000000000E-003 -0.237659272856979     
   4.14978583333333       0.298270416666667      -0.235844303297174     
   4.14978583333333       0.594540833333333      -0.230673659149049     
   4.14978583333333       0.890811250000000      -0.222813743686360     
   4.14978583333333        1.18708166666667      -0.213238757258851     
   4.14978583333333        1.48335208333333      -0.203092056934924     
   4.14978583333333        1.77962250000000      -0.192951138882332     
   4.14978583333333        2.07589291666667      -0.182943979669180     
   4.14978583333333        2.37216333333333      -0.173170971823904     
   4.14978583333333        2.66843375000000      -0.163436642981157     
   4.14978583333333        2.96470416666667      -0.153496086832668     
   4.14978583333333        3.26097458333333      -0.144195560067336     
   4.14978583333333        3.55724500000000      -0.134597369853708     
   4.14978583333333        3.85351541666667      -0.118109852026299     
   4.14978583333333        4.14978583333333      -0.101251063762136     
   4.14978583333333        4.44605625000000      -8.957081493731277E-002
   4.14978583333333        4.74232666666667      -8.129345934722076E-002
   4.14978583333333        5.03859708333333      -7.485113841802270E-002
   4.14978583333333        5.33486750000000      -6.956383376850846E-002
   4.14978583333333        5.63113791666667      -6.500467588690495E-002
   4.14978583333333        5.92740833333333      -6.074400278785187E-002
   4.14978583333333        6.22367875000000      -5.681178157368270E-002
   4.14978583333333        6.51994916666667      -5.329853561073575E-002
   4.14978583333333        6.81621958333333      -5.008104304132963E-002
   4.14978583333333        7.11249000000000      -4.699723621912508E-002
   4.44605625000000       2.000000000000000E-003 -0.210078734564488     
   4.44605625000000       0.298270416666667      -0.208753709340511     
   4.44605625000000       0.594540833333333      -0.204947582080435     
   4.44605625000000       0.890811250000000      -0.199088430161890     
   4.44605625000000        1.18708166666667      -0.191809524703124     
   4.44605625000000        1.48335208333333      -0.183844546786303     
   4.44605625000000        1.77962250000000      -0.175724753946065     
   4.44605625000000        2.07589291666667      -0.167471441915474     
   4.44605625000000        2.37216333333333      -0.159104000874260     
   4.44605625000000        2.66843375000000      -0.150516776374248     
   4.44605625000000        2.96470416666667      -0.141699402972098     
   4.44605625000000        3.26097458333333      -0.133020017495729     
   4.44605625000000        3.55724500000000      -0.123448271925189     
   4.44605625000000        3.85351541666667      -0.110547959087119     
   4.44605625000000        4.14978583333333      -9.674554285039204E-002
   4.44605625000000        4.44605625000000      -8.570217367080048E-002
   4.44605625000000        4.74232666666667      -7.760505942543763E-002
   4.44605625000000        5.03859708333333      -7.148667419412037E-002
   4.44605625000000        5.33486750000000      -6.662217462309172E-002
   4.44605625000000        5.63113791666667      -6.243024373236965E-002
   4.44605625000000        5.92740833333333      -5.847492672611236E-002
   4.44605625000000        6.22367875000000      -5.488155266607125E-002
   4.44605625000000        6.51994916666667      -5.166216494869405E-002
   4.44605625000000        6.81621958333333      -4.867249449742982E-002
   4.44605625000000        7.11249000000000      -4.576188659983369E-002
   4.74232666666667       2.000000000000000E-003 -0.187270924777917     
   4.74232666666667       0.298270416666667      -0.186250248145707     
   4.74232666666667       0.594540833333333      -0.183294881868855     
   4.74232666666667       0.890811250000000      -0.178692755942970     
   4.74232666666667        1.18708166666667      -0.172870577704582     
   4.74232666666667        1.48335208333333      -0.166318320240061     
   4.74232666666667        1.77962250000000      -0.159478012557307     
   4.74232666666667        2.07589291666667      -0.152443643820281     
   4.74232666666667        2.37216333333333      -0.145197340394754     
   4.74232666666667        2.66843375000000      -0.137706378861958     
   4.74232666666667        2.96470416666667      -0.129954594403941     
   4.74232666666667        3.26097458333333      -0.121919638483638     
   4.74232666666667        3.55724500000000      -0.113044520218263     
   4.74232666666667        3.85351541666667      -0.102688235935008     
   4.74232666666667        4.14978583333333      -9.184921415118515E-002
   4.74232666666667        4.44605625000000      -8.231213847629629E-002
   4.74232666666667        4.74232666666667      -7.474545804171245E-002
   4.74232666666667        5.03859708333333      -6.887914594914742E-002
   4.74232666666667        5.33486750000000      -6.419667303925652E-002
   4.74232666666667        5.63113791666667      -6.010403210322147E-002
   4.74232666666667        5.92740833333333      -5.636683965514473E-002
   4.74232666666667        6.22367875000000      -5.306004048893535E-002
   4.74232666666667        6.51994916666667      -5.010136627871527E-002
   4.74232666666667        6.81621958333333      -4.732262936325525E-002
   4.74232666666667        7.11249000000000      -4.457880870018156E-002
   5.03859708333333       2.000000000000000E-003 -0.167798031089102     
   5.03859708333333       0.298270416666667      -0.166963087431799     
   5.03859708333333       0.594540833333333      -0.164540499913056     
   5.03859708333333       0.890811250000000      -0.160753474807851     
   5.03859708333333        1.18708166666667      -0.155909182174284     
   5.03859708333333        1.48335208333333      -0.150364124451745     
   5.03859708333333        1.77962250000000      -0.144450773549319     
   5.03859708333333        2.07589291666667      -0.138384767025718     
   5.03859708333333        2.37216333333333      -0.132135241851327     
   5.03859708333333        2.66843375000000      -0.125670515242852     
   5.03859708333333        2.96470416666667      -0.118923583843866     
   5.03859708333333        3.26097458333333      -0.111781120493187     
   5.03859708333333        3.55724500000000      -0.104004143596674     
   5.03859708333333        3.85351541666667      -9.550490814096473E-002
   5.03859708333333        4.14978583333333      -8.681024425134154E-002
   5.03859708333333        4.44605625000000      -7.880078916644920E-002
   5.03859708333333        4.74232666666667      -7.203855169020193E-002
   5.03859708333333        5.03859708333333      -6.653867124631710E-002
   5.03859708333333        5.33486750000000      -6.195549434177239E-002
   5.03859708333333        5.63113791666667      -5.792329337593421E-002
   5.03859708333333        5.92740833333333      -5.440955464269193E-002
   5.03859708333333        6.22367875000000      -5.136462203801967E-002
   5.03859708333333        6.51994916666667      -4.865744262621698E-002
   5.03859708333333        6.81621958333333      -4.610161264449397E-002
   5.03859708333333        7.11249000000000      -4.354139085210964E-002
   5.33486750000000       2.000000000000000E-003 -0.151068271243909     
   5.33486750000000       0.298270416666667      -0.150377439733427     
   5.33486750000000       0.594540833333333      -0.148347012888826     
   5.33486750000000       0.890811250000000      -0.145131256153235     
   5.33486750000000        1.18708166666667      -0.140998466009250     
   5.33486750000000        1.48335208333333      -0.136246379070769     
   5.33486750000000        1.77962250000000      -0.131126769532765     
   5.33486750000000        2.07589291666667      -0.125830248812758     
   5.33486750000000        2.37216333333333      -0.120428313643229     
   5.33486750000000        2.66843375000000      -0.114853812727284     
   5.33486750000000        2.96470416666667      -0.109017535553142     
   5.33486750000000        3.26097458333333      -0.102808317068080     
   5.33486750000000        3.55724500000000      -9.613049043673166E-002
   5.33486750000000        3.85351541666667      -8.904303478549515E-002
   5.33486750000000        4.14978583333333      -8.188411081564062E-002
   5.33486750000000        4.44605625000000      -7.514602106892095E-002
   5.33486750000000        4.74232666666667      -6.919181838819295E-002
   5.33486750000000        5.03859708333333      -6.407069066576264E-002
   5.33486750000000        5.33486750000000      -5.963665470008145E-002
   5.33486750000000        5.63113791666667      -5.581202431539053E-002
   5.33486750000000        5.92740833333333      -5.253258605110313E-002
   5.33486750000000        6.22367875000000      -4.973750447127551E-002
   5.33486750000000        6.51994916666667      -4.728772154192860E-002
   5.33486750000000        6.81621958333333      -4.497779768076238E-002
   5.33486750000000        7.11249000000000      -4.262041939947030E-002
   5.63113791666667       2.000000000000000E-003 -0.136788488648128     
   5.63113791666667       0.298270416666667      -0.136281330351055     
   5.63113791666667       0.594540833333333      -0.134691381451500     
   5.63113791666667       0.890811250000000      -0.132006024422432     
   5.63113791666667        1.18708166666667      -0.128436599909059     
   5.63113791666667        1.48335208333333      -0.124284811194020     
   5.63113791666667        1.77962250000000      -0.119783739133820     
   5.63113791666667        2.07589291666667      -0.115112373213063     
   5.63113791666667        2.37216333333333      -0.110338853758307     
   5.63113791666667        2.66843375000000      -0.105436011608250     
   5.63113791666667        2.96470416666667      -0.100318125287290     
   5.63113791666667        3.26097458333333      -9.490343472969541E-002
   5.63113791666667        3.55724500000000      -8.915487955806714E-002
   5.63113791666667        3.85351541666667      -8.315370706240595E-002
   5.63113791666667        4.14978583333333      -7.712075192910636E-002
   5.63113791666667        4.44605625000000      -7.135443521294518E-002
   5.63113791666667        4.74232666666667      -6.607206258481511E-002
   5.63113791666667        5.03859708333333      -6.138301653698414E-002
   5.63113791666667        5.33486750000000      -5.728869994495221E-002
   5.63113791666667        5.63113791666667      -5.373125629077961E-002
   5.63113791666667        5.92740833333333      -5.070806972708380E-002
   5.63113791666667        6.22367875000000      -4.819462599080692E-002
   5.63113791666667        6.51994916666667      -4.604239682835664E-002
   5.63113791666667        6.81621958333333      -4.400402217170028E-002
   5.63113791666667        7.11249000000000      -4.184161725766724E-002
   5.92740833333333       2.000000000000000E-003 -0.124858652341513     
   5.92740833333333       0.298270416666667      -0.124649274488293     
   5.92740833333333       0.594540833333333      -0.123625606612785     
   5.92740833333333       0.890811250000000      -0.121400991772382     
   5.92740833333333        1.18708166666667      -0.118191620124613     
   5.92740833333333        1.48335208333333      -0.114407506853059     
   5.92740833333333        1.77962250000000      -0.110310136106136     
   5.92740833333333        2.07589291666667      -0.106039458512513     
   5.92740833333333        2.37216333333333      -0.101705465657224     
   5.92740833333333        2.66843375000000      -9.728558837662152E-002
   5.92740833333333        2.96470416666667      -9.271560953984810E-002
   5.92740833333333        3.26097458333333      -8.793196507754762E-002
   5.92740833333333        3.55724500000000      -8.291694754988051E-002
   5.92740833333333        3.85351541666667      -7.773459037822562E-002
   5.92740833333333        4.14978583333333      -7.253717858825026E-002
   5.92740833333333        4.44605625000000      -6.752676392096903E-002
   5.92740833333333        4.74232666666667      -6.288487496489631E-002
   5.92740833333333        5.03859708333333      -5.871045525490100E-002
   5.92740833333333        5.33486750000000      -5.499539882194188E-002
   5.92740833333333        5.63113791666667      -5.174536183326945E-002
   5.92740833333333        5.92740833333333      -4.903269615382074E-002
   5.92740833333333        6.22367875000000      -4.684457079215205E-002
   5.92740833333333        6.51994916666667      -4.502284954800063E-002
   5.92740833333333        6.81621958333333      -4.324879014522530E-002
   5.92740833333333        7.11249000000000      -4.119927235503743E-002
   6.22367875000000       2.000000000000000E-003 -0.115110415740916     
   6.22367875000000       0.298270416666667      -0.115462627219547     
   6.22367875000000       0.594540833333333      -0.115134881871623     
   6.22367875000000       0.890811250000000      -0.113076051121458     
   6.22367875000000        1.18708166666667      -0.109842972506201     
   6.22367875000000        1.48335208333333      -0.106112177799844     
   6.22367875000000        1.77962250000000      -0.102183451469485     
   6.22367875000000        2.07589291666667      -9.813732613536515E-002
   6.22367875000000        2.37216333333333      -9.408318688412526E-002
   6.22367875000000        2.66843375000000      -9.002498852104164E-002
   6.22367875000000        2.96470416666667      -8.590131690326967E-002
   6.22367875000000        3.26097458333333      -8.165491640706703E-002
   6.22367875000000        3.55724500000000      -7.726279531242074E-002
   6.22367875000000        3.85351541666667      -7.276420665675702E-002
   6.22367875000000        4.14978583333333      -6.826784139953383E-002
   6.22367875000000        4.44605625000000      -6.392430170747947E-002
   6.22367875000000        4.74232666666667      -5.987080346355621E-002
   6.22367875000000        5.03859708333333      -5.617522599347843E-002
   6.22367875000000        5.33486750000000      -5.283323266310740E-002
   6.22367875000000        5.63113791666667      -4.992783594295520E-002
   6.22367875000000        5.92740833333333      -4.756202989248427E-002
   6.22367875000000        6.22367875000000      -4.574185181477523E-002
   6.22367875000000        6.51994916666667      -4.428320294525614E-002
   6.22367875000000        6.81621958333333      -4.272241081273173E-002
   6.22367875000000        7.11249000000000      -4.059461171919389E-002
   6.51994916666667       2.000000000000000E-003 -0.107313413223635     
   6.51994916666667       0.298270416666667      -0.108704169571455     
   6.51994916666667       0.594540833333333      -0.108842880896532     
   6.51994916666667       0.890811250000000      -0.106296773656979     
   6.51994916666667        1.18708166666667      -0.102620133718428     
   6.51994916666667        1.48335208333333      -9.870423080302629E-002
   6.51994916666667        1.77962250000000      -9.479709114792381E-002
   6.51994916666667        2.07589291666667      -9.091478128146228E-002
   6.51994916666667        2.37216333333333      -8.709903147291403E-002
   6.51994916666667        2.66843375000000      -8.338398090873078E-002
   6.51994916666667        2.96470416666667      -7.969619933692990E-002
   6.51994916666667        3.26097458333333      -7.596856853733384E-002
   6.51994916666667        3.55724500000000      -7.215886565369570E-002
   6.51994916666667        3.85351541666667      -6.827549593273619E-002
   6.51994916666667        4.14978583333333      -6.438881247426012E-002
   6.51994916666667        4.44605625000000      -6.061052891114242E-002
   6.51994916666667        4.74232666666667      -5.704793877147372E-002
   6.51994916666667        5.03859708333333      -5.375702440336442E-002
   6.51994916666667        5.33486750000000      -5.077493431893061E-002
   6.51994916666667        5.63113791666667      -4.822529047698889E-002
   6.51994916666667        5.92740833333333      -4.621888117889570E-002
   6.51994916666667        6.22367875000000      -4.477869875366752E-002
   6.51994916666667        6.51994916666667      -4.368144452102528E-002
   6.51994916666667        6.81621958333333      -4.224679776424799E-002
   6.51994916666667        7.11249000000000      -3.981337968064547E-002
   6.81621958333333       2.000000000000000E-003 -0.100925083838579     
   6.81621958333333       0.298270416666667      -0.103666645595841     
   6.81621958333333       0.594540833333333      -0.103126544538469     
   6.81621958333333       0.890811250000000      -9.968009193527044E-002
   6.81621958333333        1.18708166666667      -9.560064417329188E-002
   6.81621958333333        1.48335208333333      -9.158471899748639E-002
   6.81621958333333        1.77962250000000      -8.774949873819440E-002
   6.81621958333333        2.07589291666667      -8.407723438398343E-002
   6.81621958333333        2.37216333333333      -8.057801766137448E-002
   6.81621958333333        2.66843375000000      -7.725969001923400E-002
   6.81621958333333        2.96470416666667      -7.403556158992571E-002
   6.81621958333333        3.26097458333333      -7.082045507742933E-002
   6.81621958333333        3.55724500000000      -6.754766415450979E-002
   6.81621958333333        3.85351541666667      -6.419645786225114E-002
   6.81621958333333        4.14978583333333      -6.080958919401178E-002
   6.81621958333333        4.44605625000000      -5.747682765320880E-002
   6.81621958333333        4.74232666666667      -5.429648723923085E-002
   6.81621958333333        5.03859708333333      -5.134095200210321E-002
   6.81621958333333        5.33486750000000      -4.868696122511236E-002
   6.81621958333333        5.63113791666667      -4.646372135448736E-002
   6.81621958333333        5.92740833333333      -4.475980169261407E-002
   6.81621958333333        6.22367875000000      -4.356888541747417E-002
   6.81621958333333        6.51994916666667      -4.263502906772796E-002
   6.81621958333333        6.81621958333333      -4.100301208429946E-002
   6.81621958333333        7.11249000000000      -3.836790721667538E-002
   7.11249000000000       2.000000000000000E-003 -9.433795746205204E-002
   7.11249000000000       0.298270416666667      -9.644415611069508E-002
   7.11249000000000       0.594540833333333      -9.539413929416132E-002
   7.11249000000000       0.890811250000000      -9.204928738757023E-002
   7.11249000000000        1.18708166666667      -8.821510391010025E-002
   7.11249000000000        1.48335208333333      -8.446432880231572E-002
   7.11249000000000        1.77962250000000      -8.091404558845579E-002
   7.11249000000000        2.07589291666667      -7.759144246035864E-002
   7.11249000000000        2.37216333333333      -7.451279196641773E-002
   7.11249000000000        2.66843375000000      -7.164198589709481E-002
   7.11249000000000        2.96470416666667      -6.887979418764251E-002
   7.11249000000000        3.26097458333333      -6.612816455971304E-002
   7.11249000000000        3.55724500000000      -6.330456863954410E-002
   7.11249000000000        3.85351541666667      -6.037264684204727E-002
   7.11249000000000        4.14978583333333      -5.736418569218245E-002
   7.11249000000000        4.44605625000000      -5.436436808142429E-002
   7.11249000000000        4.74232666666667      -5.147734284967077E-002
   7.11249000000000        5.03859708333333      -4.879856077674756E-002
   7.11249000000000        5.33486750000000      -4.642756953098445E-002
   7.11249000000000        5.63113791666667      -4.445976881104221E-002
   7.11249000000000        5.92740833333333      -4.291824685574114E-002
   7.11249000000000        6.22367875000000      -4.169839360282065E-002
   7.11249000000000        6.51994916666667      -4.052148478066467E-002
   7.11249000000000        6.81621958333333      -3.872083788232671E-002
   7.11249000000000        7.11249000000000      -3.598505963210696E-002
