  2.000000000000000E-003  2.000000000000000E-003 -0.129961529443038     
  2.000000000000000E-003  0.298270416666667      -0.139214573155404     
  2.000000000000000E-003  0.594540833333333      -0.143315697790371     
  2.000000000000000E-003  0.890811250000000      -0.144317680960157     
  2.000000000000000E-003   1.18708166666667      -0.145445510803936     
  2.000000000000000E-003   1.48335208333333      -0.147748956237278     
  2.000000000000000E-003   1.77962250000000      -0.151399207333779     
  2.000000000000000E-003   2.07589291666667      -0.155951629756719     
  2.000000000000000E-003   2.37216333333333      -0.160685056779025     
  2.000000000000000E-003   2.66843375000000      -0.165148505526385     
  2.000000000000000E-003   2.96470416666667      -0.168920077219031     
  2.000000000000000E-003   3.26097458333333      -0.171477812909232     
  2.000000000000000E-003   3.55724500000000      -0.172386609951677     
  2.000000000000000E-003   3.85351541666667      -0.171480558862181     
  2.000000000000000E-003   4.14978583333333      -0.168925525172227     
  2.000000000000000E-003   4.44605625000000      -0.165156589203966     
  2.000000000000000E-003   4.74232666666667      -0.160695742987430     
  2.000000000000000E-003   5.03859708333333      -0.155965070522911     
  2.000000000000000E-003   5.33486750000000      -0.151414537983488     
  2.000000000000000E-003   5.63113791666667      -0.147765276353742     
  2.000000000000000E-003   5.92740833333333      -0.145461943222338     
  2.000000000000000E-003   6.22367875000000      -0.144333486645322     
  2.000000000000000E-003   6.51994916666667      -0.143331816233091     
  2.000000000000000E-003   6.81621958333333      -0.139237354809045     
  2.000000000000000E-003   7.11249000000000      -0.129990539114621     
  0.298270416666667       2.000000000000000E-003 -0.139214559252641     
  0.298270416666667       0.298270416666667      -0.153409615737309     
  0.298270416666667       0.594540833333333      -0.156930889076481     
  0.298270416666667       0.890811250000000      -0.155467325854387     
  0.298270416666667        1.18708166666667      -0.155928228423685     
  0.298270416666667        1.48335208333333      -0.159174639066467     
  0.298270416666667        1.77962250000000      -0.164631750503260     
  0.298270416666667        2.07589291666667      -0.171379488555724     
  0.298270416666667        2.37216333333333      -0.178311861312539     
  0.298270416666667        2.66843375000000      -0.184753082364684     
  0.298270416666667        2.96470416666667      -0.190147239852780     
  0.298270416666667        3.26097458333333      -0.193788080514001     
  0.298270416666667        3.55724500000000      -0.195079392029366     
  0.298270416666667        3.85351541666667      -0.193790185179102     
  0.298270416666667        4.14978583333333      -0.190151578074260     
  0.298270416666667        4.44605625000000      -0.184759893885928     
  0.298270416666667        4.74232666666667      -0.178321477095162     
  0.298270416666667        5.03859708333333      -0.171392370502776     
  0.298270416666667        5.33486750000000      -0.164647572028758     
  0.298270416666667        5.63113791666667      -0.159193307944375     
  0.298270416666667        5.92740833333333      -0.155950172554021     
  0.298270416666667        6.22367875000000      -0.155493675945964     
  0.298270416666667        6.51994916666667      -0.156963110414363     
  0.298270416666667        6.81621958333333      -0.153444800482120     
  0.298270416666667        7.11249000000000      -0.139237490948714     
  0.594540833333333       2.000000000000000E-003 -0.143315603689195     
  0.594540833333333       0.298270416666667      -0.156930890604953     
  0.594540833333333       0.594540833333333      -0.162641303078233     
  0.594540833333333       0.890811250000000      -0.163505300714802     
  0.594540833333333        1.18708166666667      -0.165958613382354     
  0.594540833333333        1.48335208333333      -0.171678180519385     
  0.594540833333333        1.77962250000000      -0.180114083951389     
  0.594540833333333        2.07589291666667      -0.190126682915083     
  0.594540833333333        2.37216333333333      -0.200357037574921     
  0.594540833333333        2.66843375000000      -0.209833472148610     
  0.594540833333333        2.96470416666667      -0.217748880613384     
  0.594540833333333        3.26097458333333      -0.223074790265887     
  0.594540833333333        3.55724500000000      -0.224960583186711     
  0.594540833333333        3.85351541666667      -0.223075641689850     
  0.594540833333333        4.14978583333333      -0.217750962210807     
  0.594540833333333        4.44605625000000      -0.209837343445240     
  0.594540833333333        4.74232666666667      -0.200363466511291     
  0.594540833333333        5.03859708333333      -0.190136378968999     
  0.594540833333333        5.33486750000000      -0.180127203373313     
  0.594540833333333        5.63113791666667      -0.171695202443463     
  0.594540833333333        5.92740833333333      -0.165980403530378     
  0.594540833333333        6.22367875000000      -0.163532824366175     
  0.594540833333333        6.51994916666667      -0.162674396042302     
  0.594540833333333        6.81621958333333      -0.156963564513928     
  0.594540833333333        7.11249000000000      -0.143332231493756     
  0.890811250000000       2.000000000000000E-003 -0.144317531504802     
  0.890811250000000       0.298270416666667      -0.155467290526489     
  0.890811250000000       0.594540833333333      -0.163505313264605     
  0.890811250000000       0.890811250000000      -0.169212643784548     
  0.890811250000000        1.18708166666667      -0.176210623602942     
  0.890811250000000        1.48335208333333      -0.186242261475859     
  0.890811250000000        1.77962250000000      -0.199216288610477     
  0.890811250000000        2.07589291666667      -0.214039326996472     
  0.890811250000000        2.37216333333333      -0.229050497554714     
  0.890811250000000        2.66843375000000      -0.243135533390558     
  0.890811250000000        2.96470416666667      -0.254937021487143     
  0.890811250000000        3.26097458333333      -0.262874522366799     
  0.890811250000000        3.55724500000000      -0.265682279247411     
  0.890811250000000        3.85351541666667      -0.262873620516456     
  0.890811250000000        4.14978583333333      -0.254935795273180     
  0.890811250000000        4.44605625000000      -0.243135028649751     
  0.890811250000000        4.74232666666667      -0.229051951638187     
  0.890811250000000        5.03859708333333      -0.214043731525929     
  0.890811250000000        5.33486750000000      -0.199224138785091     
  0.890811250000000        5.63113791666667      -0.186254402282225     
  0.890811250000000        5.92740833333333      -0.176228045517588     
  0.890811250000000        6.22367875000000      -0.169235807156088     
  0.890811250000000        6.51994916666667      -0.163532974786158     
  0.890811250000000        6.81621958333333      -0.155494031802345     
  0.890811250000000        7.11249000000000      -0.144333722339433     
   1.18708166666667       2.000000000000000E-003 -0.145445372178922     
   1.18708166666667       0.298270416666667      -0.155928192309680     
   1.18708166666667       0.594540833333333      -0.165958653591513     
   1.18708166666667       0.890811250000000      -0.176210677329831     
   1.18708166666667        1.18708166666667      -0.188569513330991     
   1.18708166666667        1.48335208333333      -0.204297056790855     
   1.18708166666667        1.77962250000000      -0.223455475483059     
   1.18708166666667        2.07589291666667      -0.244881005376895     
   1.18708166666667        2.37216333333333      -0.266837769808849     
   1.18708166666667        2.66843375000000      -0.287799871125619     
   1.18708166666667        2.96470416666667      -0.305510011530923     
   1.18708166666667        3.26097458333333      -0.317473477395693     
   1.18708166666667        3.55724500000000      -0.321712834605168     
   1.18708166666667        3.85351541666667      -0.317470441986596     
   1.18708166666667        4.14978583333333      -0.305504809372946     
   1.18708166666667        4.44605625000000      -0.287794035215434     
   1.18708166666667        4.74232666666667      -0.266833087657840     
   1.18708166666667        5.03859708333333      -0.244879094419983     
   1.18708166666667        5.33486750000000      -0.223456978958680     
   1.18708166666667        5.63113791666667      -0.204303017883934     
   1.18708166666667        5.92740833333333      -0.188581063014652     
   1.18708166666667        6.22367875000000      -0.176228113523115     
   1.18708166666667        6.51994916666667      -0.165980535264720     
   1.18708166666667        6.81621958333333      -0.155950340289933     
   1.18708166666667        7.11249000000000      -0.145462036635858     
   1.48335208333333       2.000000000000000E-003 -0.147748876764143     
   1.48335208333333       0.298270416666667      -0.159174659604597     
   1.48335208333333       0.594540833333333      -0.171678298144447     
   1.48335208333333       0.890811250000000      -0.186242425949752     
   1.48335208333333        1.18708166666667      -0.204297189216600     
   1.48335208333333        1.48335208333333      -0.226872272350300     
   1.48335208333333        1.77962250000000      -0.253917293701094     
   1.48335208333333        2.07589291666667      -0.284121871596357     
   1.48335208333333        2.37216333333333      -0.316019428363972     
   1.48335208333333        2.66843375000000      -0.347108773504705     
   1.48335208333333        2.96470416666667      -0.373801383309511     
   1.48335208333333        3.26097458333333      -0.392125239031436     
   1.48335208333333        3.55724500000000      -0.398658645854885     
   1.48335208333333        3.85351541666667      -0.392120002062327     
   1.48335208333333        4.14978583333333      -0.373791942003988     
   1.48335208333333        4.44605625000000      -0.347097319583148     
   1.48335208333333        4.74232666666667      -0.316008352225991     
   1.48335208333333        5.03859708333333      -0.284113358684065     
   1.48335208333333        5.33486750000000      -0.253912792826758     
   1.48335208333333        5.63113791666667      -0.226872465803669     
   1.48335208333333        5.92740833333333      -0.204303185950888     
   1.48335208333333        6.22367875000000      -0.186254596633584     
   1.48335208333333        6.51994916666667      -0.171695347766322     
   1.48335208333333        6.81621958333333      -0.159193419222479     
   1.48335208333333        7.11249000000000      -0.147765311141189     
   1.77962250000000       2.000000000000000E-003 -0.151399215349356     
   1.77962250000000       0.298270416666667      -0.164631879532091     
   1.77962250000000       0.594540833333333      -0.180114343697412     
   1.77962250000000       0.890811250000000      -0.199216638949083     
   1.77962250000000        1.18708166666667      -0.223455832334578     
   1.77962250000000        1.48335208333333      -0.253917538732119     
   1.77962250000000        1.77962250000000      -0.290502331810741     
   1.77962250000000        2.07589291666667      -0.332625953295557     
   1.77962250000000        2.37216333333333      -0.378463980708002     
   1.77962250000000        2.66843375000000      -0.424414952477743     
   1.77962250000000        2.96470416666667      -0.465077940766882     
   1.77962250000000        3.26097458333333      -0.493720205022775     
   1.77962250000000        3.55724500000000      -0.504090827434515     
   1.77962250000000        3.85351541666667      -0.493713744268425     
   1.77962250000000        4.14978583333333      -0.465065791160524     
   1.77962250000000        4.44605625000000      -0.424398960331323     
   1.77962250000000        4.74232666666667      -0.378447082514263     
   1.77962250000000        5.03859708333333      -0.332611465597511     
   1.77962250000000        5.33486750000000      -0.290492263991240     
   1.77962250000000        5.63113791666667      -0.253913071680163     
   1.77962250000000        5.92740833333333      -0.223457389072856     
   1.77962250000000        6.22367875000000      -0.199224519012116     
   1.77962250000000        6.51994916666667      -0.180127481642521     
   1.77962250000000        6.81621958333333      -0.164647752973580     
   1.77962250000000        7.11249000000000      -0.151414624946590     
   2.07589291666667       2.000000000000000E-003 -0.155951754660662     
   2.07589291666667       0.298270416666667      -0.171379778140737     
   2.07589291666667       0.594540833333333      -0.190127152532301     
   2.07589291666667       0.890811250000000      -0.214039940303276     
   2.07589291666667        1.18708166666667      -0.244881667531361     
   2.07589291666667        1.48335208333333      -0.284122458010011     
   2.07589291666667        1.77962250000000      -0.332626326140685     
   2.07589291666667        2.07589291666667      -0.390245325409453     
   2.07589291666667        2.37216333333333      -0.454905637754272     
   2.07589291666667        2.66843375000000      -0.522272162997518     
   2.07589291666667        2.96470416666667      -0.584444740797590     
   2.07589291666667        3.26097458333333      -0.629989125325297     
   2.07589291666667        3.55724500000000      -0.646914669154689     
   2.07589291666667        3.85351541666667      -0.629984493491761     
   2.07589291666667        4.14978583333333      -0.584434098881106     
   2.07589291666667        4.44605625000000      -0.522255629267709     
   2.07589291666667        4.74232666666667      -0.454885994225593     
   2.07589291666667        5.03859708333333      -0.390226566459009     
   2.07589291666667        5.33486750000000      -0.332612000419600     
   2.07589291666667        5.63113791666667      -0.284114105922348     
   2.07589291666667        5.92740833333333      -0.244879879180506     
   2.07589291666667        6.22367875000000      -0.214044428627394     
   2.07589291666667        6.51994916666667      -0.190136890887408     
   2.07589291666667        6.81621958333333      -0.171392722285337     
   2.07589291666667        7.11249000000000      -0.155965259710577     
   2.37216333333333       2.000000000000000E-003 -0.160685338685159     
   2.37216333333333       0.298270416666667      -0.178312349182082     
   2.37216333333333       0.594540833333333      -0.200357745827365     
   2.37216333333333       0.890811250000000      -0.229051389518379     
   2.37216333333333        1.18708166666667      -0.266838763813980     
   2.37216333333333        1.48335208333333      -0.316020418471764     
   2.37216333333333        1.77962250000000      -0.378464846590856     
   2.37216333333333        2.07589291666667      -0.454906167820326     
   2.37216333333333        2.37216333333333      -0.544099979587354     
   2.37216333333333        2.66843375000000      -0.641486039977548     
   2.37216333333333        2.96470416666667      -0.736434378194950     
   2.37216333333333        3.26097458333333      -0.809829353239415     
   2.37216333333333        3.55724500000000      -0.838130182878154     
   2.37216333333333        3.85351541666667      -0.809834269398140     
   2.37216333333333        4.14978583333333      -0.736434705513453     
   2.37216333333333        4.44605625000000      -0.641476349266736     
   2.37216333333333        4.74232666666667      -0.544082726749153     
   2.37216333333333        5.03859708333333      -0.454886919237577     
   2.37216333333333        5.33486750000000      -0.378448421167467     
   2.37216333333333        5.63113791666667      -0.316009692072001     
   2.37216333333333        5.92740833333333      -0.266834360283685     
   2.37216333333333        6.22367875000000      -0.229052963991206     
   2.37216333333333        6.51994916666667      -0.200364269427969     
   2.37216333333333        6.81621958333333      -0.178322030141577     
   2.37216333333333        7.11249000000000      -0.160696060820684     
   2.66843375000000       2.000000000000000E-003 -0.165148892084368     
   2.66843375000000       0.298270416666667      -0.184753711145468     
   2.66843375000000       0.594540833333333      -0.209834363837273     
   2.66843375000000       0.890811250000000      -0.243136661971464     
   2.66843375000000        1.18708166666667      -0.287801174927774     
   2.66843375000000        1.48335208333333      -0.347110185833822     
   2.66843375000000        1.77962250000000      -0.424416350391227     
   2.66843375000000        2.07589291666667      -0.522273275075398     
   2.66843375000000        2.37216333333333      -0.641486623876334     
   2.66843375000000        2.66843375000000      -0.778626136341289     
   2.66843375000000        2.96470416666667      -0.920635812034319     
   2.66843375000000        3.26097458333333       -1.03784962543411     
   2.66843375000000        3.55724500000000       -1.08567529955300     
   2.66843375000000        3.85351541666667       -1.03788004029004     
   2.66843375000000        4.14978583333333      -0.920663904547040     
   2.66843375000000        4.44605625000000      -0.778633617116894     
   2.66843375000000        4.74232666666667      -0.641477741161528     
   2.66843375000000        5.03859708333333      -0.522257789645830     
   2.66843375000000        5.33486750000000      -0.424401321528655     
   2.66843375000000        5.63113791666667      -0.347099446219733     
   2.66843375000000        5.92740833333333      -0.287795809440978     
   2.66843375000000        6.22367875000000      -0.243136429842169     
   2.66843375000000        6.51994916666667      -0.209838362887719     
   2.66843375000000        6.81621958333333      -0.184760546880501     
   2.66843375000000        7.11249000000000      -0.165157003740299     
   2.96470416666667       2.000000000000000E-003 -0.168920507786612     
   2.96470416666667       0.298270416666667      -0.190147940030976     
   2.96470416666667       0.594540833333333      -0.217749881538503     
   2.96470416666667       0.890811250000000      -0.254938311259674     
   2.96470416666667        1.18708166666667      -0.305511554726747     
   2.96470416666667        1.48335208333333      -0.373803168758015     
   2.96470416666667        1.77962250000000      -0.465079784987132     
   2.96470416666667        2.07589291666667      -0.584446331775448     
   2.96470416666667        2.37216333333333      -0.736435384419600     
   2.96470416666667        2.66843375000000      -0.920636066203971     
   2.96470416666667        2.96470416666667       -1.12075430632814     
   2.96470416666667        3.26097458333333       -1.29291378567167     
   2.96470416666667        3.55724500000000       -1.36625325508468     
   2.96470416666667        3.85351541666667       -1.29298687525946     
   2.96470416666667        4.14978583333333       -1.12082228341751     
   2.96470416666667        4.44605625000000      -0.920665916108352     
   2.96470416666667        4.74232666666667      -0.736437876420111     
   2.96470416666667        5.03859708333333      -0.584437764490321     
   2.96470416666667        5.33486750000000      -0.465069222024522     
   2.96470416666667        5.63113791666667      -0.373794817498276     
   2.96470416666667        5.92740833333333      -0.305507045259884     
   2.96470416666667        6.22367875000000      -0.254937470334061     
   2.96470416666667        6.51994916666667      -0.217752138949011     
   2.96470416666667        6.81621958333333      -0.190152369575105     
   2.96470416666667        7.11249000000000      -0.168925976412576     
   3.26097458333333       2.000000000000000E-003 -0.171478235702650     
   3.26097458333333       0.298270416666667      -0.193788785965532     
   3.26097458333333       0.594540833333333      -0.223075819750635     
   3.26097458333333       0.890811250000000      -0.262875877451222     
   3.26097458333333        1.18708166666667      -0.317475146270639     
   3.26097458333333        1.48335208333333      -0.392127232757771     
   3.26097458333333        1.77962250000000      -0.493722302721363     
   3.26097458333333        2.07589291666667      -0.629990972197933     
   3.26097458333333        2.37216333333333      -0.809830496292101     
   3.26097458333333        2.66843375000000       -1.03784961597474     
   3.26097458333333        2.96470416666667       -1.29291287624190     
   3.26097458333333        3.26097458333333       -1.49553606517166     
   3.26097458333333        3.55724500000000       -1.56733609564677     
   3.26097458333333        3.85351541666667       -1.49561659435376     
   3.26097458333333        4.14978583333333       -1.29298919289986     
   3.26097458333333        4.44605625000000       -1.03788469990440     
   3.26097458333333        4.74232666666667      -0.809839591202887     
   3.26097458333333        5.03859708333333      -0.629989527610167     
   3.26097458333333        5.33486750000000      -0.493718113290433     
   3.26097458333333        5.63113791666667      -0.392123516479884     
   3.26097458333333        5.92740833333333      -0.317473049920881     
   3.26097458333333        6.22367875000000      -0.262875484616747     
   3.26097458333333        6.51994916666667      -0.223076960680233     
   3.26097458333333        6.81621958333333      -0.193790991821053     
   3.26097458333333        7.11249000000000      -0.171481037923187     
   3.55724500000000       2.000000000000000E-003 -0.172386991847154     
   3.55724500000000       0.298270416666667      -0.195080052062595     
   3.55724500000000       0.594540833333333      -0.224961569328840     
   3.55724500000000       0.890811250000000      -0.265683601655311     
   3.55724500000000        1.18708166666667      -0.321714491809687     
   3.55724500000000        1.48335208333333      -0.398660648282128     
   3.55724500000000        1.77962250000000      -0.504092924863057     
   3.55724500000000        2.07589291666667      -0.646916516417432     
   3.55724500000000        2.37216333333333      -0.838131299739803     
   3.55724500000000        2.66843375000000       -1.08567511626880     
   3.55724500000000        2.96470416666667       -1.36625171587210     
   3.55724500000000        3.26097458333333       -1.56733498335502     
   3.55724500000000        3.55724500000000       -1.60184051315418     
   3.55724500000000        3.85351541666667       -1.56733756671049     
   3.55724500000000        4.14978583333333       -1.36625938364753     
   3.55724500000000        4.44605625000000       -1.08568278731717     
   3.55724500000000        4.74232666666667      -0.838137359352626     
   3.55724500000000        5.03859708333333      -0.646920872769439     
   3.55724500000000        5.33486750000000      -0.504095781104858     
   3.55724500000000        5.63113791666667      -0.398662579030700     
   3.55724500000000        5.92740833333333      -0.321715653393677     
   3.55724500000000        6.22367875000000      -0.265684230473645     
   3.55724500000000        6.51994916666667      -0.224961948561803     
   3.55724500000000        6.81621958333333      -0.195080213533121     
   3.55724500000000        7.11249000000000      -0.172387078206231     
   3.85351541666667       2.000000000000000E-003 -0.171480888699810     
   3.85351541666667       0.298270416666667      -0.193790770906140     
   3.85351541666667       0.594540833333333      -0.223076532753322     
   3.85351541666667       0.890811250000000      -0.262874829699884     
   3.85351541666667        1.18708166666667      -0.317471963145825     
   3.85351541666667        1.48335208333333      -0.392121824205107     
   3.85351541666667        1.77962250000000      -0.493715635806805     
   3.85351541666667        2.07589291666667      -0.629986147882939     
   3.85351541666667        2.37216333333333      -0.809835331025990     
   3.85351541666667        2.66843375000000       -1.03788016391782     
   3.85351541666667        2.96470416666667       -1.29298608841636     
   3.85351541666667        3.26097458333333       -1.49561545781706     
   3.85351541666667        3.55724500000000       -1.56733655473165     
   3.85351541666667        3.85351541666667       -1.49554262558039     
   3.85351541666667        4.14978583333333       -1.29292423155315     
   3.85351541666667        4.44605625000000       -1.03785973344619     
   3.85351541666667        4.74232666666667      -0.809837610265071     
   3.85351541666667        5.03859708333333      -0.629995585595500     
   3.85351541666667        5.33486750000000      -0.493725241605669     
   3.85351541666667        5.63113791666667      -0.392129087441968     
   3.85351541666667        5.92740833333333      -0.317476257427649     
   3.85351541666667        6.22367875000000      -0.262876441331343     
   3.85351541666667        6.51994916666667      -0.223076032236084     
   3.85351541666667        6.81621958333333      -0.193788795042443     
   3.85351541666667        7.11249000000000      -0.171478205123506     
   4.14978583333333       2.000000000000000E-003 -0.168925806134635     
   4.14978583333333       0.298270416666667      -0.190152079135511     
   4.14978583333333       0.594540833333333      -0.217751730117309     
   4.14978583333333       0.890811250000000      -0.254936841672292     
   4.14978583333333        1.18708166666667      -0.305506118025444     
   4.14978583333333        1.48335208333333      -0.373793479789368     
   4.14978583333333        1.77962250000000      -0.465067360700930     
   4.14978583333333        2.07589291666667      -0.584435467715662     
   4.14978583333333        2.37216333333333      -0.736435674659149     
   4.14978583333333        2.66843375000000      -0.920664350389853     
   4.14978583333333        2.96470416666667       -1.12082220267190     
   4.14978583333333        3.26097458333333       -1.29298842975412     
   4.14978583333333        3.55724500000000       -1.36625789346651     
   4.14978583333333        3.85351541666667       -1.29292335674202     
   4.14978583333333        4.14978583333333       -1.12076555464626     
   4.14978583333333        4.44605625000000      -0.920645857400613     
   4.14978583333333        4.74232666666667      -0.736442162986614     
   4.14978583333333        5.03859708333333      -0.584450910300191     
   4.14978583333333        5.33486750000000      -0.465082623435227     
   4.14978583333333        5.63113791666667      -0.373804848466927     
   4.14978583333333        5.92740833333333      -0.305512532565788     
   4.14978583333333        6.22367875000000      -0.254938756316089     
   4.14978583333333        6.51994916666667      -0.217749958615176     
   4.14978583333333        6.81621958333333      -0.190147854064103     
   4.14978583333333        7.11249000000000      -0.168920357112418     
   4.44605625000000       2.000000000000000E-003 -0.165156827507556     
   4.44605625000000       0.298270416666667      -0.184760309816474     
   4.44605625000000       0.594540833333333      -0.209837979568149     
   4.44605625000000       0.890811250000000      -0.243135895318742     
   4.44605625000000        1.18708166666667      -0.287795111606634     
   4.44605625000000        1.48335208333333      -0.347098553866199     
   4.44605625000000        1.77962250000000      -0.424400217175500     
   4.44605625000000        2.07589291666667      -0.522256744972596     
   4.44605625000000        2.37216333333333      -0.641477249018343     
   4.44605625000000        2.66843375000000      -0.778634302428290     
   4.44605625000000        2.96470416666667      -0.920666405531524     
   4.44605625000000        3.26097458333333       -1.03788488971152     
   4.44605625000000        3.55724500000000       -1.08568268820385     
   4.44605625000000        3.85351541666667       -1.03785981256724     
   4.44605625000000        4.14978583333333      -0.920646171195868     
   4.44605625000000        4.44605625000000      -0.778634558101434     
   4.44605625000000        4.74232666666667      -0.641492802517193     
   4.44605625000000        5.03859708333333      -0.522277389887881     
   4.44605625000000        5.33486750000000      -0.424418966613038     
   4.44605625000000        5.63113791666667      -0.347111758085645     
   4.44605625000000        5.92740833333333      -0.287801985154369     
   4.44605625000000        6.22367875000000      -0.243136945002722     
   4.44605625000000        6.51994916666667      -0.209834308520543     
   4.44605625000000        6.81621958333333      -0.184753512857881     
   4.44605625000000        7.11249000000000      -0.165148707670536     
   4.74232666666667       2.000000000000000E-003 -0.160695934256146     
   4.74232666666667       0.298270416666667      -0.178321804800249     
   4.74232666666667       0.594540833333333      -0.200363971699913     
   4.74232666666667       0.890811250000000      -0.229052645181789     
   4.74232666666667        1.18708166666667      -0.266833951409186     
   4.74232666666667        1.48335208333333      -0.316009342045909     
   4.74232666666667        1.77962250000000      -0.378448110610343     
   4.74232666666667        2.07589291666667      -0.454886966232145     
   4.74232666666667        2.37216333333333      -0.544083651637105     
   4.74232666666667        2.66843375000000      -0.641478701128898     
   4.74232666666667        2.96470416666667      -0.736438957905893     
   4.74232666666667        3.26097458333333      -0.809840797989916     
   4.74232666666667        3.55724500000000      -0.838138639039775     
   4.74232666666667        3.85351541666667      -0.809838913283268     
   4.74232666666667        4.14978583333333      -0.736443294912175     
   4.74232666666667        4.44605625000000      -0.641493451893381     
   4.74232666666667        4.74232666666667      -0.544105405717397     
   4.74232666666667        5.03859708333333      -0.454909844700072     
   4.74232666666667        5.33486750000000      -0.378467191209723     
   4.74232666666667        5.63113791666667      -0.316021829130329     
   4.74232666666667        5.92740833333333      -0.266839440647918     
   4.74232666666667        6.22367875000000      -0.229051551265717     
   4.74232666666667        6.51994916666667      -0.200357632449656     
   4.74232666666667        6.81621958333333      -0.178312143394973     
   4.74232666666667        7.11249000000000      -0.160685083171532     
   5.03859708333333       2.000000000000000E-003 -0.155965194895263     
   5.03859708333333       0.298270416666667      -0.171392597318869     
   5.03859708333333       0.594540833333333      -0.190136752588251     
   5.03859708333333       0.890811250000000      -0.214044270666895     
   5.03859708333333        1.18708166666667      -0.244879782398593     
   5.03859708333333        1.48335208333333      -0.284114166691114     
   5.03859708333333        1.77962250000000      -0.332612354843530     
   5.03859708333333        2.07589291666667      -0.390227491950756     
   5.03859708333333        2.37216333333333      -0.454887928848553     
   5.03859708333333        2.66843375000000      -0.522259003144011     
   5.03859708333333        2.96470416666667      -0.584439289633118     
   5.03859708333333        3.26097458333333      -0.629991378652830     
   5.03859708333333        3.55724500000000      -0.646922932898220     
   5.03859708333333        3.85351541666667      -0.629997635657325     
   5.03859708333333        4.14978583333333      -0.584452667119608     
   5.03859708333333        4.44605625000000      -0.522278611172727     
   5.03859708333333        4.74232666666667      -0.454910422945135     
   5.03859708333333        5.03859708333333      -0.390248677872701     
   5.03859708333333        5.33486750000000      -0.332628468951880     
   5.03859708333333        5.63113791666667      -0.284123699770029     
   5.03859708333333        5.92740833333333      -0.244882236188359     
   5.03859708333333        6.22367875000000      -0.214040038105253     
   5.03859708333333        6.51994916666667      -0.190127020987688     
   5.03859708333333        6.81621958333333      -0.171379565150120     
   5.03859708333333        7.11249000000000      -0.155951525343245     
   5.33486750000000       2.000000000000000E-003 -0.151414647405350     
   5.33486750000000       0.298270416666667      -0.164647757398611     
   5.33486750000000       0.594540833333333      -0.180127509125526     
   5.33486750000000       0.890811250000000      -0.199224577020666     
   5.33486750000000        1.18708166666667      -0.223457536899901     
   5.33486750000000        1.48335208333333      -0.253913466024125     
   5.33486750000000        1.77962250000000      -0.290493050016632     
   5.33486750000000        2.07589291666667      -0.332612908173693     
   5.33486750000000        2.37216333333333      -0.378449489791696     
   5.33486750000000        2.66843375000000      -0.424402661330449     
   5.33486750000000        2.96470416666667      -0.465070926059605     
   5.33486750000000        3.26097458333333      -0.493720180286557     
   5.33486750000000        3.55724500000000      -0.504098071011542     
   5.33486750000000        3.85351541666667      -0.493727525147522     
   5.33486750000000        4.14978583333333      -0.465084623111418     
   5.33486750000000        4.44605625000000      -0.424420475875063     
   5.33486750000000        4.74232666666667      -0.378468121728889     
   5.33486750000000        5.03859708333333      -0.332628868758097     
   5.33486750000000        5.33486750000000      -0.290504187525310     
   5.33486750000000        5.63113791666667      -0.253918574491202     
   5.33486750000000        5.92740833333333      -0.223456263855149     
   5.33486750000000        6.22367875000000      -0.199216696492785     
   5.33486750000000        6.51994916666667      -0.180114129822929     
   5.33486750000000        6.81621958333333      -0.164631618297350     
   5.33486750000000        7.11249000000000      -0.151399017668450     
   5.63113791666667       2.000000000000000E-003 -0.147765408844966     
   5.63113791666667       0.298270416666667      -0.159193506495590     
   5.63113791666667       0.594540833333333      -0.171695502355477     
   5.63113791666667       0.890811250000000      -0.186254812103782     
   5.63113791666667        1.18708166666667      -0.204303519789056     
   5.63113791666667        1.48335208333333      -0.226873042198844     
   5.63113791666667        1.77962250000000      -0.253913757034544     
   5.63113791666667        2.07589291666667      -0.284114943857917     
   5.63113791666667        2.37216333333333      -0.316010728593602     
   5.63113791666667        2.66843375000000      -0.347100741428783     
   5.63113791666667        2.96470416666667      -0.373796432081162     
   5.63113791666667        3.26097458333333      -0.392125438619821     
   5.63113791666667        3.55724500000000      -0.398664696795369     
   5.63113791666667        3.85351541666667      -0.392131197477070     
   5.63113791666667        4.14978583333333      -0.373806737532958     
   5.63113791666667        4.44605625000000      -0.347113253473377     
   5.63113791666667        4.74232666666667      -0.316022881182864     
   5.63113791666667        5.03859708333333      -0.284124329319009     
   5.63113791666667        5.33486750000000      -0.253918843734205     
   5.63113791666667        5.63113791666667      -0.226873171964119     
   5.63113791666667        5.92740833333333      -0.204297505763264     
   5.63113791666667        6.22367875000000      -0.186242376933788     
   5.63113791666667        6.51994916666667      -0.171678023191778     
   5.63113791666667        6.81621958333333      -0.159174324605785     
   5.63113791666667        7.11249000000000      -0.147748585696949     
   5.92740833333333       2.000000000000000E-003 -0.145462103302268     
   5.92740833333333       0.298270416666667      -0.155950407356819     
   5.92740833333333       0.594540833333333      -0.165980719921908     
   5.92740833333333       0.890811250000000      -0.176228438357547     
   5.92740833333333        1.18708166666667      -0.188581521553078     
   5.92740833333333        1.48335208333333      -0.204303692934367     
   5.92740833333333        1.77962250000000      -0.223457959349329     
   5.92740833333333        2.07589291666667      -0.244880597535849     
   5.92740833333333        2.37216333333333      -0.266835270455883     
   5.92740833333333        2.66843375000000      -0.287796943067758     
   5.92740833333333        2.96470416666667      -0.305508417999058     
   5.92740833333333        3.26097458333333      -0.317474640110434     
   5.92740833333333        3.55724500000000      -0.321717383023886     
   5.92740833333333        3.85351541666667      -0.317477999360928     
   5.92740833333333        4.14978583333333      -0.305514146033256     
   5.92740833333333        4.44605625000000      -0.287803354359922     
   5.92740833333333        4.74232666666667      -0.266840495164007     
   5.92740833333333        5.03859708333333      -0.244882954738989     
   5.92740833333333        5.33486750000000      -0.223456670726772     
   5.92740833333333        5.63113791666667      -0.204297661357931     
   5.92740833333333        5.92740833333333      -0.188569617330189     
   5.92740833333333        6.22367875000000      -0.176210454069825     
   5.92740833333333        6.51994916666667      -0.165958269077795     
   5.92740833333333        6.81621958333333      -0.155927801972140     
   5.92740833333333        7.11249000000000      -0.145445082130451     
   6.22367875000000       2.000000000000000E-003 -0.144333664020448     
   6.22367875000000       0.298270416666667      -0.155493973769631     
   6.22367875000000       0.594540833333333      -0.163533175543746     
   6.22367875000000       0.890811250000000      -0.169236168967353     
   6.22367875000000        1.18708166666667      -0.176228495974881     
   6.22367875000000        1.48335208333333      -0.186255006212750     
   6.22367875000000        1.77962250000000      -0.199224963430813     
   6.22367875000000        2.07589291666667      -0.214044985750504     
   6.22367875000000        2.37216333333333      -0.229053695034475     
   6.22367875000000        2.66843375000000      -0.243137347131143     
   6.22367875000000        2.96470416666667      -0.254938575201232     
   6.22367875000000        3.26097458333333      -0.262876756187363     
   6.22367875000000        3.55724500000000      -0.265685616002635     
   6.22367875000000        3.85351541666667      -0.262877857810787     
   6.22367875000000        4.14978583333333      -0.254940104527018     
   6.22367875000000        4.44605625000000      -0.243138130202338     
   6.22367875000000        4.74232666666667      -0.229052502317618     
   6.22367875000000        5.03859708333333      -0.214040720165372     
   6.22367875000000        5.33486750000000      -0.199217110374572     
   6.22367875000000        5.63113791666667      -0.186242573863273     
   6.22367875000000        5.92740833333333      -0.176210519301742     
   6.22367875000000        6.22367875000000      -0.169212318015117     
   6.22367875000000        6.51994916666667      -0.163504867447603     
   6.22367875000000        6.81621958333333      -0.155466940648006     
   6.22367875000000        7.11249000000000      -0.144317301209901     
   6.51994916666667       2.000000000000000E-003 -0.143332007336710     
   6.51994916666667       0.298270416666667      -0.156963520322928     
   6.51994916666667       0.594540833333333      -0.162674808900036     
   6.51994916666667       0.890811250000000      -0.163533292482054     
   6.51994916666667        1.18708166666667      -0.165980811885415     
   6.51994916666667        1.48335208333333      -0.171695626863444     
   6.51994916666667        1.77962250000000      -0.180127778324363     
   6.51994916666667        2.07589291666667      -0.190137259812869     
   6.51994916666667        2.37216333333333      -0.200364796435410     
   6.51994916666667        2.66843375000000      -0.209839039944296     
   6.51994916666667        2.96470416666667      -0.217752960783515     
   6.51994916666667        3.26097458333333      -0.223077913287539     
   6.51994916666667        3.55724500000000      -0.224962998102331     
   6.51994916666667        3.85351541666667      -0.223077121536588     
   6.51994916666667        4.14978583333333      -0.217751013169940     
   6.51994916666667        4.44605625000000      -0.209835250560215     
   6.51994916666667        4.74232666666667      -0.200358397635441     
   6.51994916666667        5.03859708333333      -0.190127570637927     
   6.51994916666667        5.33486750000000      -0.180114452147221     
   6.51994916666667        5.63113791666667      -0.171678175346550     
   6.51994916666667        5.92740833333333      -0.165958335045290     
   6.51994916666667        6.22367875000000      -0.163504906186876     
   6.51994916666667        6.51994916666667      -0.162640959021896     
   6.51994916666667        6.81621958333333      -0.156930737788171     
   6.51994916666667        7.11249000000000      -0.143315525080962     
   6.81621958333333       2.000000000000000E-003 -0.139237576493375     
   6.81621958333333       0.298270416666667      -0.153445253972062     
   6.81621958333333       0.594540833333333      -0.156963962332639     
   6.81621958333333       0.890811250000000      -0.155494271954441     
   6.81621958333333        1.18708166666667      -0.155950509260875     
   6.81621958333333        1.48335208333333      -0.159193571789785     
   6.81621958333333        1.77962250000000      -0.164647906378659     
   6.81621958333333        2.07589291666667      -0.171392921599732     
   6.81621958333333        2.37216333333333      -0.178322361667798     
   6.81621958333333        2.66843375000000      -0.184760992720584     
   6.81621958333333        2.96470416666667      -0.190152919382177     
   6.81621958333333        3.26097458333333      -0.193791638679105     
   6.81621958333333        3.55724500000000      -0.195080938925348     
   6.81621958333333        3.85351541666667      -0.193789561115838     
   6.81621958333333        4.14978583333333      -0.190148605603293     
   6.81621958333333        4.44605625000000      -0.184754187895513     
   6.81621958333333        4.74232666666667      -0.178312686850618     
   6.81621958333333        5.03859708333333      -0.171379935417254     
   6.81621958333333        5.33486750000000      -0.164631802999836     
   6.81621958333333        5.63113791666667      -0.159174383978582     
   6.81621958333333        5.92740833333333      -0.155927821064027     
   6.81621958333333        6.22367875000000      -0.155466991839040     
   6.81621958333333        6.51994916666667      -0.156930824881082     
   6.81621958333333        6.81621958333333      -0.153410054189183     
   6.81621958333333        7.11249000000000      -0.139214590970242     
   7.11249000000000       2.000000000000000E-003 -0.129990829689068     
   7.11249000000000       0.298270416666667      -0.139237690947441     
   7.11249000000000       0.594540833333333      -0.143332390583676     
   7.11249000000000       0.890811250000000      -0.144333839079049     
   7.11249000000000        1.18708166666667      -0.145462127588556     
   7.11249000000000        1.48335208333333      -0.147765382670946     
   7.11249000000000        1.77962250000000      -0.151414680260271     
   7.11249000000000        2.07589291666667      -0.155965336429328     
   7.11249000000000        2.37216333333333      -0.160696242024893     
   7.11249000000000        2.66843375000000      -0.165157263020566     
   7.11249000000000        2.96470416666667      -0.168926300970748     
   7.11249000000000        3.26097458333333      -0.171481426952415     
   7.11249000000000        3.55724500000000      -0.172387525446770     
   7.11249000000000        3.85351541666667      -0.171478688550482     
   7.11249000000000        4.14978583333333      -0.168920838343387     
   7.11249000000000        4.44605625000000      -0.165149139848429     
   7.11249000000000        4.74232666666667      -0.160685421439568     
   7.11249000000000        5.03859708333333      -0.155951729441476     
   7.11249000000000        5.33486750000000      -0.151399074794016     
   7.11249000000000        5.63113791666667      -0.147748547389517     
   7.11249000000000        5.92740833333333      -0.145445021042506     
   7.11249000000000        6.22367875000000      -0.144317285653877     
   7.11249000000000        6.51994916666667      -0.143315583225658     
   7.11249000000000        6.81621958333333      -0.139214638993750     
   7.11249000000000        7.11249000000000      -0.129961586172808     
